alpha:1,beta:2,x:[0.0, 0.25, 0.5, 0.75, 1.0],ymin:0,ymax:100,pop:100
0.0000000002
0.0000000493
0.0618750002
0.1225000001
0.1250000002
0.1818750001
0.1868750002
0.2400000002
0.2475000001
0.2500000002
0.2968750001
0.3068750001
0.3118750002
0.3525000005
0.3650000002
0.3725000001
0.3750000002
0.4068750000
0.4218750001
0.4318750002
0.4368750002
0.4600000007
0.4775000005
0.4900000002
0.4975000001
0.5000000002
0.5118750005
0.5318750000
0.5468750001
0.5568750001
0.5618750002
0.5625000003
0.5850000007
0.6025000005
0.6118750000
0.6150000002
0.6225000001
0.6250000002
0.6368750005
0.6568750000
0.6600000001
0.6718750001
0.6818750002
0.6868750002
0.6875000003
0.7068750000
0.7100000007
0.7275000005
0.7368750000
0.7400000002
0.7475000001
0.7500000002
0.7525000011
0.7618750005
0.7818750000
0.7850000001
0.7968750001
0.8068750002
0.8118750002
0.8125000003
0.8318750000
0.8350000007
0.8400000004
0.8525000005
0.8618750000
0.8650000002
0.8725000001
0.8750000002
0.8775000011
0.8818750000
0.8868750005
0.9068750000
0.9100000001
0.9218750002
0.9225000005
0.9318750002
0.9368750002
0.9375000003
0.9568750000
0.9600000007
0.9618750001
0.9650000004
0.9775000005
0.9868750000
0.9900000002
0.9975000001
1.0000000000
1.0025000011
1.0068750000
1.0118750005
1.0318750000
1.0350000001
1.0368750000
1.0468750001
1.0475000005
1.0568750002
1.0618750002
1.0625000003
1.0725000000
1.0818750000
1.0850000007
1.0868750001
1.0900000004
1.1025000005
1.1068750001
1.1118750000
1.1150000002
1.1225000001
1.1250000000
1.1275000011
1.1318750000
1.1368750005
1.1400000005
1.1568750000
1.1600000001
1.1618750000
1.1718750000
1.1725000005
1.1818750002
1.1868750002
1.1875000003
1.1975000000
1.2025000000
1.2068750000
1.2100000007
1.2118750001
1.2150000004
1.2275000005
1.2318750000
1.2368750000
1.2400000002
1.2475000001
1.2500000000
1.2525000011
1.2568750000
1.2600000010
1.2618750005
1.2650000005
1.2818750000
1.2850000001
1.2868750000
1.2968750000
1.2975000005
1.3068750002
1.3118750002
1.3125000003
1.3225000000
1.3275000000
1.3318750000
1.3350000007
1.3368750001
1.3400000004
1.3525000005
1.3568750000
1.3600000002
1.3618750000
1.3650000002
1.3725000001
1.3750000000
1.3775000011
1.3818750000
1.3850000010
1.3868750005
1.3900000005
1.4025000010
1.4068750000
1.4100000001
1.4118750000
1.4218750000
1.4225000005
1.4318750002
1.4368750002
1.4375000003
1.4400000002
1.4475000000
1.4525000000
1.4568750000
1.4600000007
1.4618750001
1.4650000004
1.4725000002
1.4775000005
1.4818750000
1.4850000002
1.4868750000
1.4900000002
1.4975000001
1.5000000000
1.5025000011
1.5068750000
1.5100000010
1.5118750002
1.5150000005
1.5225000005
1.5275000010
1.5318750000
1.5350000001
1.5368750000
1.5400000005
1.5468750000
1.5475000005
1.5525000000
1.5568750002
1.5600000000
1.5618750002
1.5625000002
1.5650000002
1.5725000000
1.5775000000
1.5818750000
1.5850000007
1.5868750001
1.5900000004
1.5975000002
1.6025000005
1.6068750000
1.6100000002
1.6118750000
1.6150000002
1.6225000001
1.6250000000
1.6275000011
1.6318750000
1.6350000010
1.6368750002
1.6400000005
1.6475000005
1.6525000010
1.6568750000
1.6600000001
1.6618750000
1.6650000005
1.6718750000
1.6725000005
1.6775000000
1.6818750002
1.6850000000
1.6868750002
1.6875000002
1.6900000002
1.6975000000
1.7025000000
1.7068750000
1.7100000007
1.7118750001
1.7150000004
1.7225000002
1.7275000005
1.7318750000
1.7350000002
1.7368750000
1.7400000002
1.7475000001
1.7500000000
1.7525000011
1.7568750000
1.7600000010
1.7618750002
1.7650000005
1.7725000005
1.7775000010
1.7818750000
1.7850000001
1.7868750000
1.7900000005
1.7968750000
1.7975000005
1.8025000000
1.8068750002
1.8100000000
1.8118750002
1.8125000002
1.8150000002
1.8225000000
1.8275000000
1.8318750000
1.8350000007
1.8368750001
1.8400000004
1.8475000002
1.8525000005
1.8568750000
1.8600000002
1.8618750000
1.8650000002
1.8725000001
1.8750000000
1.8775000011
1.8818750000
1.8850000010
1.8868750002
1.8900000005
1.8975000005
1.9025000010
1.9068750000
1.9100000001
1.9118750000
1.9150000005
1.9218750000
1.9225000005
1.9275000000
1.9318750002
1.9350000000
1.9368750002
1.9375000002
1.9400000002
1.9475000000
1.9525000000
1.9568750000
1.9600000007
1.9618750001
1.9650000004
1.9725000002
1.9775000005
1.9818750000
1.9850000002
1.9868750000
1.9900000002
1.9975000001
2.0000000000
2.0025000011
2.0068750000
2.0100000010
2.0118750002
2.0150000005
2.0225000005
2.0275000010
2.0318750000
2.0350000001
2.0368750000
2.0400000005
2.0468750000
2.0475000005
2.0525000000
2.0568750002
2.0600000000
2.0618750002
2.0625000002
2.0650000002
2.0725000000
2.0775000000
2.0818750000
2.0850000007
2.0868750001
2.0900000004
2.0975000002
2.1025000005
2.1068750000
2.1100000002
2.1118750000
2.1150000002
2.1225000001
2.1250000000
2.1275000011
2.1318750000
2.1350000010
2.1368750002
2.1400000005
2.1475000005
2.1525000010
2.1568750000
2.1600000001
2.1618750000
2.1650000005
2.1718750000
2.1725000005
2.1775000000
2.1818750002
2.1850000000
2.1868750002
2.1875000002
2.1900000002
2.1975000000
2.2025000000
2.2068750000
2.2100000007
2.2118750001
2.2150000004
2.2225000002
2.2275000005
2.2318750000
2.2350000002
2.2368750000
2.2400000002
2.2475000001
2.2500000000
2.2525000011
2.2568750000
2.2600000010
2.2618750002
2.2650000005
2.2725000005
2.2775000010
2.2818750000
2.2850000001
2.2868750000
2.2900000005
2.2968750000
2.2975000005
2.3025000000
2.3068750002
2.3100000000
2.3118750002
2.3125000002
2.3150000002
2.3225000000
2.3275000000
2.3318750000
2.3350000007
2.3368750001
2.3400000004
2.3475000002
2.3525000005
2.3568750000
2.3600000002
2.3618750000
2.3650000002
2.3725000001
2.3750000000
2.3775000011
2.3818750000
2.3850000010
2.3868750002
2.3900000005
2.3975000005
2.4025000010
2.4068750000
2.4100000001
2.4118750000
2.4150000005
2.4218750000
2.4225000005
2.4275000000
2.4318750002
2.4350000000
2.4368750002
2.4375000002
2.4400000002
2.4475000000
2.4525000000
2.4568750000
2.4600000007
2.4618750001
2.4650000004
2.4725000002
2.4775000005
2.4818750000
2.4850000002
2.4868750000
2.4900000002
2.4975000001
2.5000000000
2.5025000011
2.5068750000
2.5100000010
2.5118750002
2.5150000005
2.5225000005
2.5275000010
2.5318750000
2.5350000001
2.5368750000
2.5400000005
2.5468750000
2.5475000005
2.5525000000
2.5568750002
2.5600000000
2.5618750002
2.5625000002
2.5650000002
2.5725000000
2.5775000000
2.5818750000
2.5850000007
2.5868750001
2.5900000004
2.5975000002
2.6025000005
2.6068750000
2.6100000002
2.6118750000
2.6150000002
2.6225000001
2.6250000000
2.6275000011
2.6318750000
2.6350000010
2.6368750002
2.6400000005
2.6475000005
2.6525000010
2.6568750000
2.6600000001
2.6618750000
2.6650000005
2.6718750000
2.6725000005
2.6775000000
2.6818750002
2.6850000000
2.6868750002
2.6875000002
2.6900000002
2.6975000000
2.7025000000
2.7068750000
2.7100000007
2.7118750001
2.7150000004
2.7225000002
2.7275000005
2.7318750000
2.7350000002
2.7368750000
2.7400000002
2.7475000001
2.7500000000
2.7525000011
2.7568750000
2.7600000010
2.7618750002
2.7650000005
2.7725000005
2.7775000010
2.7818750000
2.7850000001
2.7868750000
2.7900000005
2.7968750000
2.7975000005
2.8025000000
2.8068750002
2.8100000000
2.8118750002
2.8125000002
2.8150000002
2.8225000000
2.8275000000
2.8318750003
2.8350000007
2.8368750001
2.8400000004
2.8475000002
2.8525000005
2.8568750000
2.8600000002
2.8618750000
2.8650000002
2.8725000001
2.8750000000
2.8775000011
2.8818750000
2.8850000010
2.8868750002
2.8900000005
2.8975000005
2.9025000010
2.9068750000
2.9100000001
2.9118750000
2.9150000005
2.9218750000
2.9225000005
2.9275000000
2.9318750002
2.9350000000
2.9368750002
2.9375000002
2.9400000002
2.9475000000
2.9525000000
2.9568750000
2.9600000007
2.9618750001
2.9650000004
2.9725000002
2.9775000005
2.9818750000
2.9850000002
2.9868750000
2.9900000002
2.9975000001
3.0000000000
3.0025000011
3.0068750000
3.0100000010
3.0118750002
3.0150000005
3.0225000005
3.0275000010
3.0318750000
3.0350000001
3.0368750000
3.0400000005
3.0468750000
3.0475000005
3.0525000000
3.0568750002
3.0600000000
3.0618750002
3.0625000002
3.0650000002
3.0725000000
3.0775000000
3.0818750003
3.0850000007
3.0868750001
3.0900000004
3.0975000002
3.1025000005
3.1068750000
3.1100000002
3.1118750000
3.1150000002
3.1225000001
3.1250000000
3.1275000011
3.1318750000
3.1350000010
3.1368750002
3.1400000005
3.1475000005
3.1525000010
3.1568750000
3.1600000001
3.1618750000
3.1650000005
3.1718750000
3.1725000005
3.1775000000
3.1818750002
3.1850000000
3.1868750002
3.1875000002
3.1900000002
3.1975000000
3.2025000000
3.2068750003
3.2100000007
3.2118750001
3.2150000004
3.2225000002
3.2275000005
3.2318750000
3.2350000002
3.2368750000
3.2400000002
3.2475000001
3.2500000000
3.2525000011
3.2568750000
3.2600000010
3.2618750002
3.2650000005
3.2725000005
3.2775000010
3.2818750000
3.2850000001
3.2868750000
3.2900000005
3.2968750000
3.2975000005
3.3025000000
3.3068750002
3.3100000000
3.3118750002
3.3125000002
3.3150000002
3.3225000000
3.3275000000
3.3318750003
3.3350000007
3.3368750001
3.3400000004
3.3475000002
3.3525000005
3.3568750000
3.3600000002
3.3618750000
3.3650000002
3.3725000001
3.3750000000
3.3775000011
3.3818750000
3.3850000010
3.3868750002
3.3900000005
3.3975000005
3.4025000010
3.4068750000
3.4100000001
3.4118750000
3.4150000005
3.4218750000
3.4225000005
3.4275000000
3.4318750002
3.4350000000
3.4368750002
3.4375000002
3.4400000002
3.4475000000
3.4525000000
3.4568750003
3.4600000007
3.4618750001
3.4650000004
3.4725000002
3.4775000005
3.4818750000
3.4850000002
3.4868750000
3.4900000002
3.4975000001
3.5000000000
3.5025000011
3.5068750000
3.5100000010
3.5118750002
3.5150000005
3.5225000005
3.5275000010
3.5318750000
3.5350000001
3.5368750000
3.5400000005
3.5468750000
3.5475000005
3.5525000000
3.5568750002
3.5600000000
3.5618750002
3.5625000002
3.5650000002
3.5725000000
3.5775000000
3.5818750003
3.5850000007
3.5868750001
3.5900000004
3.5975000002
3.6025000005
3.6068750000
3.6100000002
3.6118750000
3.6150000002
3.6225000001
3.6250000000
3.6275000011
3.6318750000
3.6350000010
3.6368750002
3.6400000005
3.6475000005
3.6525000010
3.6568750000
3.6600000001
3.6618750000
3.6650000005
3.6718750000
3.6725000005
3.6775000000
3.6818750002
3.6850000000
3.6868750002
3.6875000002
3.6900000002
3.6975000000
3.7025000000
3.7068750003
3.7100000007
3.7118750001
3.7150000004
3.7225000002
3.7275000005
3.7318750000
3.7350000002
3.7368750000
3.7400000002
3.7475000001
3.7500000000
3.7525000011
3.7568750000
3.7600000010
3.7618750002
3.7650000005
3.7725000005
3.7775000010
3.7818750000
3.7850000001
3.7868750000
3.7900000005
3.7968750000
3.7975000005
3.8025000000
3.8068750002
3.8100000000
3.8118750002
3.8125000002
3.8150000002
3.8225000000
3.8275000000
3.8318750003
3.8350000007
3.8368750001
3.8400000004
3.8475000002
3.8525000005
3.8568750000
3.8600000002
3.8618750000
3.8650000002
3.8725000001
3.8750000000
3.8775000011
3.8818750000
3.8850000010
3.8868750002
3.8900000005
3.8975000005
3.9025000010
3.9068750000
3.9100000001
3.9118750000
3.9150000005
3.9218750000
3.9225000005
3.9275000000
3.9318750002
3.9350000000
3.9368750002
3.9375000002
3.9400000002
3.9475000000
3.9525000000
3.9568750003
3.9600000007
3.9618750001
3.9650000004
3.9725000002
3.9775000005
3.9818750000
3.9850000002
3.9868750000
3.9900000002
3.9975000001
4.0000000000
4.0025000011
4.0068750000
4.0100000010
4.0118750002
4.0150000005
4.0225000005
4.0275000010
4.0318750000
4.0350000001
4.0368750000
4.0400000005
4.0468750000
4.0475000005
4.0525000000
4.0568750002
4.0600000000
4.0618750002
4.0625000002
4.0650000002
4.0725000000
4.0775000000
4.0818750003
4.0850000007
4.0868750001
4.0900000004
4.0975000002
4.1025000005
4.1068750000
4.1100000002
4.1118750000
4.1150000002
4.1225000001
4.1250000000
4.1275000011
4.1318750000
4.1350000010
4.1368750002
4.1400000005
4.1475000005
4.1525000010
4.1568750000
4.1600000001
4.1618750000
4.1650000005
4.1718750000
4.1725000005
4.1775000000
4.1818750002
4.1850000000
4.1868750002
4.1875000002
4.1900000002
4.1975000000
4.2025000000
4.2068750003
4.2100000007
4.2118750001
4.2150000004
4.2225000002
4.2275000005
4.2318750000
4.2350000002
4.2368750000
4.2400000002
4.2475000001
4.2500000000
4.2525000011
4.2568750000
4.2600000010
4.2618750002
4.2650000005
4.2725000005
4.2775000010
4.2818750000
4.2850000001
4.2868750000
4.2900000005
4.2968750000
4.2975000005
4.3025000000
4.3068750002
4.3100000000
4.3118750002
4.3125000002
4.3150000002
4.3225000000
4.3275000000
4.3318750003
4.3350000007
4.3368750001
4.3400000004
4.3475000002
4.3525000005
4.3568750000
4.3600000002
4.3618750000
4.3650000002
4.3725000001
4.3750000000
4.3775000011
4.3818750000
4.3850000010
4.3868750002
4.3900000005
4.3975000005
4.4025000010
4.4068750000
4.4100000001
4.4118750000
4.4150000005
4.4218750000
4.4225000005
4.4275000000
4.4318750002
4.4350000000
4.4368750002
4.4375000002
4.4400000002
4.4475000000
4.4525000000
4.4568750003
4.4600000007
4.4618750001
4.4650000004
4.4725000002
4.4775000005
4.4818750000
4.4850000002
4.4868750000
4.4900000002
4.4975000001
4.5000000001
4.5025000011
4.5068750000
4.5100000010
4.5118750002
4.5150000005
4.5225000005
4.5275000010
4.5318750000
4.5350000001
4.5368750000
4.5400000005
4.5468750000
4.5475000005
4.5525000000
4.5568750002
4.5600000000
4.5618750002
4.5625000002
4.5650000002
4.5725000000
4.5775000000
4.5818750003
4.5850000007
4.5868750001
4.5900000004
4.5975000002
4.6025000005
4.6068750000
4.6100000002
4.6118750000
4.6150000002
4.6225000001
4.6250000001
4.6275000011
4.6318750000
4.6350000010
4.6368750002
4.6400000005
4.6475000005
4.6525000010
4.6568750000
4.6600000001
4.6618750000
4.6650000005
4.6718750000
4.6725000005
4.6775000000
4.6818750002
4.6850000000
4.6868750002
4.6875000002
4.6900000002
4.6975000002
4.7025000000
4.7068750003
4.7100000007
4.7118750001
4.7150000004
4.7225000002
4.7275000005
4.7318750000
4.7350000002
4.7368750000
4.7400000002
4.7475000001
4.7500000000
4.7525000011
4.7568750000
4.7600000010
4.7618750002
4.7650000005
4.7725000005
4.7775000010
4.7818750000
4.7850000001
4.7868750000
4.7900000005
4.7968750000
4.7975000005
4.8025000000
4.8068750002
4.8100000000
4.8118750002
4.8125000002
4.8150000002
4.8225000000
4.8275000000
4.8318750003
4.8350000007
4.8368750001
4.8400000004
4.8475000002
4.8525000005
4.8568750000
4.8600000002
4.8618750000
4.8650000002
4.8725000001
4.8750000001
4.8775000011
4.8818750000
4.8850000010
4.8868750002
4.8900000005
4.8975000005
4.9025000010
4.9068750000
4.9100000001
4.9118750000
4.9150000005
4.9218750000
4.9225000005
4.9275000000
4.9318750002
4.9350000000
4.9368750002
4.9375000002
4.9400000002
4.9475000000
4.9525000000
4.9568750003
4.9600000007
4.9618750001
4.9650000004
4.9725000002
4.9775000005
4.9818750000
4.9850000002
4.9868750000
4.9900000002
4.9975000001
5.0000000001
5.0025000011
5.0068750000
5.0100000010
5.0118750002
5.0150000005
5.0225000005
5.0275000010
5.0318750000
5.0350000001
5.0368750000
5.0400000005
5.0468750000
5.0475000005
5.0525000000
5.0568750002
5.0600000000
5.0618750002
5.0625000002
5.0650000002
5.0725000002
5.0775000000
5.0818750003
5.0850000007
5.0868750001
5.0900000004
5.0975000002
5.1025000005
5.1068750000
5.1100000002
5.1118750000
5.1150000002
5.1225000001
5.1250000001
5.1275000011
5.1318750000
5.1350000010
5.1368750002
5.1400000005
5.1475000005
5.1525000010
5.1568750000
5.1600000001
5.1618750000
5.1650000005
5.1718750000
5.1725000005
5.1775000000
5.1818750002
5.1850000000
5.1868750002
5.1875000002
5.1900000002
5.1975000002
5.2025000000
5.2068750003
5.2100000007
5.2118750001
5.2150000004
5.2225000002
5.2275000005
5.2318750000
5.2350000002
5.2368750000
5.2400000002
5.2475000001
5.2500000001
5.2525000011
5.2568750000
5.2600000010
5.2618750002
5.2650000005
5.2725000005
5.2775000010
5.2818750000
5.2850000001
5.2868750000
5.2900000005
5.2968750000
5.2975000005
5.3025000000
5.3068750002
5.3100000000
5.3118750002
5.3125000002
5.3150000002
5.3225000002
5.3275000000
5.3318750003
5.3350000007
5.3368750001
5.3400000004
5.3475000002
5.3525000005
5.3568750000
5.3600000002
5.3618750000
5.3650000002
5.3725000001
5.3750000001
5.3775000011
5.3818750000
5.3850000010
5.3868750002
5.3900000005
5.3975000005
5.4025000010
5.4068750000
5.4100000001
5.4118750000
5.4150000005
5.4218750000
5.4225000005
5.4275000000
5.4318750002
5.4350000000
5.4368750002
5.4375000002
5.4400000002
5.4475000002
5.4525000000
5.4568750003
5.4600000007
5.4618750001
5.4650000004
5.4725000002
5.4775000005
5.4818750000
5.4850000002
5.4868750000
5.4900000002
5.4975000001
5.5000000001
5.5025000011
5.5068750000
5.5100000010
5.5118750002
5.5150000005
5.5225000005
5.5275000010
5.5318750000
5.5350000001
5.5368750000
5.5400000005
5.5468750001
5.5475000005
5.5525000000
5.5568750002
5.5600000000
5.5618750002
5.5625000002
5.5650000002
5.5725000002
5.5775000000
5.5818750003
5.5850000007
5.5868750001
5.5900000004
5.5975000002
5.6025000005
5.6068750000
5.6100000002
5.6118750000
5.6150000002
5.6225000001
5.6250000001
5.6275000011
5.6318750000
5.6350000010
5.6368750002
5.6400000005
5.6475000005
5.6525000010
5.6568750000
5.6600000001
5.6618750000
5.6650000005
5.6718750000
5.6725000005
5.6775000000
5.6818750002
5.6850000000
5.6868750002
5.6875000002
5.6900000002
5.6975000002
5.7025000000
5.7068750003
5.7100000007
5.7118750001
5.7150000004
5.7225000002
5.7275000005
5.7318750000
5.7350000002
5.7368750000
5.7400000002
5.7475000001
5.7500000001
5.7525000011
5.7568750000
5.7600000010
5.7618750002
5.7650000005
5.7725000005
5.7775000010
5.7818750000
5.7850000001
5.7868750000
5.7900000005
5.7968750001
5.7975000005
5.8025000000
5.8068750002
5.8100000000
5.8118750002
5.8125000002
5.8150000002
5.8225000002
5.8275000000
5.8318750003
5.8350000007
5.8368750001
5.8400000004
5.8475000002
5.8525000005
5.8568750000
5.8600000002
5.8618750000
5.8650000002
5.8725000001
5.8750000001
5.8775000011
5.8818750000
5.8850000010
5.8868750002
5.8900000005
5.8975000005
5.9025000010
5.9068750000
5.9100000001
5.9118750000
5.9150000005
5.9218750001
5.9225000005
5.9275000000
5.9318750002
5.9350000000
5.9368750002
5.9375000002
5.9400000002
5.9475000002
5.9525000000
5.9568750003
5.9600000007
5.9618750001
5.9650000004
5.9725000002
5.9775000005
5.9818750001
5.9850000002
5.9868750000
5.9900000002
5.9975000001
6.0000000001
6.0025000011
6.0068750000
6.0100000010
6.0118750002
6.0150000005
6.0225000005
6.0275000010
6.0318750000
6.0350000001
6.0368750000
6.0400000005
6.0468750001
6.0475000005
6.0525000000
6.0568750002
6.0600000000
6.0618750002
6.0625000002
6.0650000002
6.0725000002
6.0775000000
6.0818750003
6.0850000007
6.0868750001
6.0900000004
6.0975000002
6.1025000005
6.1068750000
6.1100000002
6.1118750000
6.1150000002
6.1225000001
6.1250000001
6.1275000011
6.1318750000
6.1350000010
6.1368750002
6.1400000005
6.1475000005
6.1525000010
6.1568750000
6.1600000001
6.1618750000
6.1650000005
6.1718750001
6.1725000005
6.1775000000
6.1818750002
6.1850000000
6.1868750002
6.1875000002
6.1900000002
6.1975000002
6.2025000000
6.2068750003
6.2100000007
6.2118750001
6.2150000004
6.2225000002
6.2275000005
6.2318750001
6.2350000002
6.2368750000
6.2400000002
6.2475000001
6.2500000001
6.2525000011
6.2568750000
6.2600000010
6.2618750002
6.2650000005
6.2725000005
6.2775000010
6.2818750000
6.2850000001
6.2868750000
6.2900000005
6.2968750001
6.2975000005
6.3025000000
6.3068750002
6.3100000000
6.3118750002
6.3125000002
6.3150000002
6.3225000002
6.3275000000
6.3318750003
6.3350000007
6.3368750001
6.3400000004
6.3475000002
6.3525000005
6.3568750001
6.3600000002
6.3618750000
6.3650000002
6.3725000001
6.3750000001
6.3775000011
6.3818750000
6.3850000010
6.3868750002
6.3900000005
6.3975000005
6.4025000010
6.4068750000
6.4100000001
6.4118750000
6.4150000005
6.4218750001
6.4225000005
6.4275000000
6.4318750002
6.4350000000
6.4368750002
6.4375000002
6.4400000002
6.4475000002
6.4525000000
6.4568750003
6.4600000007
6.4618750001
6.4650000004
6.4725000002
6.4775000005
6.4818750001
6.4850000002
6.4868750000
6.4900000002
6.4975000001
6.5000000001
6.5025000011
6.5068750000
6.5100000010
6.5118750002
6.5150000005
6.5225000005
6.5275000010
6.5318750000
6.5350000001
6.5368750000
6.5400000005
6.5468750001
6.5475000005
6.5525000000
6.5568750002
6.5600000000
6.5618750002
6.5625000002
6.5650000002
6.5725000002
6.5775000000
6.5818750003
6.5850000007
6.5868750001
6.5900000004
6.5975000002
6.6025000005
6.6068750001
6.6100000002
6.6118750000
6.6150000002
6.6225000001
6.6250000001
6.6275000011
6.6318750000
6.6350000010
6.6368750002
6.6400000005
6.6475000005
6.6525000010
6.6568750000
6.6600000001
6.6618750000
6.6650000005
6.6718750001
6.6725000005
6.6775000000
6.6818750002
6.6850000000
6.6868750002
6.6875000002
6.6900000002
6.6975000002
6.7025000000
6.7068750003
6.7100000007
6.7118750001
6.7150000004
6.7225000002
6.7275000005
6.7318750001
6.7350000002
6.7368750000
6.7400000002
6.7475000001
6.7500000001
6.7525000011
6.7568750000
6.7600000010
6.7618750002
6.7650000005
6.7725000005
6.7775000010
6.7818750000
6.7850000001
6.7868750000
6.7900000005
6.7968750001
6.7975000005
6.8025000000
6.8068750002
6.8100000000
6.8118750002
6.8125000002
6.8150000002
6.8225000002
6.8275000000
6.8318750003
6.8350000007
6.8368750001
6.8400000004
6.8475000002
6.8525000005
6.8568750001
6.8600000002
6.8618750000
6.8650000002
6.8725000001
6.8750000001
6.8775000011
6.8818750000
6.8850000010
6.8868750002
6.8900000005
6.8975000005
6.9025000010
6.9068750000
6.9100000001
6.9118750000
6.9150000005
6.9218750001
6.9225000005
6.9275000000
6.9318750002
6.9350000000
6.9368750002
6.9375000002
6.9400000002
6.9475000002
6.9525000000
6.9568750003
6.9600000007
6.9618750001
6.9650000004
6.9725000002
6.9775000005
6.9818750001
6.9850000002
6.9868750000
6.9900000002
6.9975000001
7.0000000001
7.0025000011
7.0068750000
7.0100000010
7.0118750002
7.0150000005
7.0225000005
7.0275000010
7.0318750000
7.0350000001
7.0368750000
7.0400000005
7.0468750001
7.0475000005
7.0525000000
7.0568750002
7.0600000000
7.0618750002
7.0625000002
7.0650000002
7.0725000002
7.0775000000
7.0818750003
7.0850000007
7.0868750001
7.0900000004
7.0975000002
7.1025000005
7.1068750001
7.1100000021
7.1118750000
7.1150000002
7.1225000001
7.1250000001
7.1275000011
7.1318750000
7.1350000010
7.1368750002
7.1400000005
7.1475000005
7.1525000010
7.1568750000
7.1600000001
7.1618750000
7.1650000005
7.1718750001
7.1725000005
7.1775000000
7.1818750002
7.1850000000
7.1868750002
7.1875000002
7.1900000002
7.1975000002
7.2025000000
7.2068750003
7.2100000007
7.2118750001
7.2150000004
7.2225000002
7.2275000005
7.2318750001
7.2350000021
7.2368750000
7.2400000002
7.2475000001
7.2500000001
7.2525000011
7.2568750000
7.2600000010
7.2618750002
7.2650000005
7.2725000005
7.2775000010
7.2818750000
7.2850000001
7.2868750000
7.2900000005
7.2968750001
7.2975000005
7.3025000000
7.3068750002
7.3100000000
7.3118750002
7.3125000002
7.3150000002
7.3225000002
7.3275000000
7.3318750003
7.3350000007
7.3368750001
7.3400000004
7.3475000002
7.3525000005
7.3568750001
7.3600000002
7.3618750000
7.3650000002
7.3725000001
7.3750000001
7.3775000011
7.3818750000
7.3850000010
7.3868750002
7.3900000005
7.3975000005
7.4025000010
7.4068750000
7.4100000001
7.4118750000
7.4150000005
7.4218750001
7.4225000005
7.4275000000
7.4318750002
7.4350000000
7.4368750002
7.4375000002
7.4400000002
7.4475000002
7.4525000000
7.4568750003
7.4600000007
7.4618750001
7.4650000004
7.4725000002
7.4775000005
7.4818750001
7.4850000021
7.4868750000
7.4900000002
7.4975000001
7.5000000001
7.5025000011
7.5068750000
7.5100000010
7.5118750002
7.5150000005
7.5225000005
7.5275000010
7.5318750000
7.5350000001
7.5368750000
7.5400000005
7.5468750001
7.5475000005
7.5525000000
7.5568750002
7.5600000000
7.5618750002
7.5625000002
7.5650000002
7.5725000002
7.5775000000
7.5818750003
7.5850000007
7.5868750001
7.5900000004
7.5975000002
7.6025000005
7.6068750001
7.6100000021
7.6118750000
7.6150000002
7.6225000001
7.6250000001
7.6275000011
7.6318750000
7.6350000010
7.6368750002
7.6400000005
7.6475000005
7.6525000010
7.6568750000
7.6600000001
7.6618750000
7.6650000005
7.6718750001
7.6725000005
7.6775000000
7.6818750002
7.6850000000
7.6868750002
7.6875000002
7.6900000002
7.6975000002
7.7025000000
7.7068750003
7.7100000007
7.7118750001
7.7150000004
7.7225000002
7.7275000005
7.7318750001
7.7350000021
7.7368750000
7.7400000002
7.7475000001
7.7500000001
7.7525000011
7.7568750000
7.7600000010
7.7618750002
7.7650000005
7.7725000005
7.7775000010
7.7818750000
7.7850000001
7.7868750000
7.7900000005
7.7968750001
7.7975000005
7.8025000000
7.8068750002
7.8100000000
7.8118750002
7.8125000002
7.8150000002
7.8225000002
7.8275000000
7.8318750003
7.8350000007
7.8368750001
7.8400000004
7.8475000002
7.8525000005
7.8568750001
7.8600000021
7.8618750000
7.8650000002
7.8725000001
7.8750000001
7.8775000011
7.8818750000
7.8850000010
7.8868750002
7.8900000005
7.8975000005
7.9025000010
7.9068750000
7.9100000001
7.9118750000
7.9150000005
7.9218750001
7.9225000005
7.9275000000
7.9318750002
7.9350000000
7.9368750002
7.9375000002
7.9400000002
7.9475000002
7.9525000000
7.9568750003
7.9600000007
7.9618750001
7.9650000004
7.9725000002
7.9775000005
7.9818750001
7.9850000021
7.9868750000
7.9900000002
7.9975000001
8.0000000001
8.0025000011
8.0068750000
8.0100000010
8.0118750002
8.0150000005
8.0225000005
8.0275000010
8.0318750000
8.0350000001
8.0368750000
8.0400000005
8.0468750001
8.0475000005
8.0525000000
8.0568750002
8.0600000000
8.0618750002
8.0625000002
8.0650000002
8.0725000002
8.0775000000
8.0818750003
8.0850000007
8.0868750001
8.0900000004
8.0975000002
8.1025000005
8.1068750001
8.1100000021
8.1118750000
8.1150000002
8.1225000001
8.1250000001
8.1275000011
8.1318750000
8.1350000010
8.1368750002
8.1400000005
8.1475000005
8.1525000010
8.1568750000
8.1600000001
8.1618750000
8.1650000005
8.1718750001
8.1725000005
8.1775000000
8.1818750002
8.1850000000
8.1868750002
8.1875000002
8.1900000002
8.1975000002
8.2025000000
8.2068750003
8.2100000007
8.2118750001
8.2150000004
8.2225000002
8.2275000005
8.2318750001
8.2350000021
8.2368750000
8.2400000002
8.2475000001
8.2500000001
8.2525000011
8.2568750000
8.2600000010
8.2618750002
8.2650000005
8.2725000005
8.2775000010
8.2818750000
8.2850000001
8.2868750000
8.2900000005
8.2968750001
8.2975000005
8.3025000000
8.3068750002
8.3100000000
8.3118750002
8.3125000002
8.3150000002
8.3225000002
8.3275000000
8.3318750003
8.3350000007
8.3368750001
8.3400000004
8.3475000002
8.3525000005
8.3568750001
8.3600000021
8.3618750000
8.3650000002
8.3725000001
8.3750000001
8.3775000011
8.3818750000
8.3850000010
8.3868750002
8.3900000005
8.3975000005
8.4025000010
8.4068750000
8.4100000001
8.4118750000
8.4150000005
8.4218750001
8.4225000005
8.4275000000
8.4318750002
8.4350000000
8.4368750002
8.4375000002
8.4400000002
8.4475000002
8.4525000000
8.4568750003
8.4600000007
8.4618750001
8.4650000004
8.4725000002
8.4775000005
8.4818750001
8.4850000021
8.4868750000
8.4900000002
8.4975000001
8.5000000001
8.5025000011
8.5068750000
8.5100000010
8.5118750002
8.5150000005
8.5225000005
8.5275000010
8.5318750000
8.5350000001
8.5368750000
8.5400000005
8.5468750001
8.5475000005
8.5525000000
8.5568750002
8.5600000000
8.5618750002
8.5625000002
8.5650000002
8.5725000002
8.5775000000
8.5818750003
8.5850000007
8.5868750001
8.5900000004
8.5975000002
8.6025000005
8.6068750001
8.6100000021
8.6118750000
8.6150000002
8.6225000001
8.6250000001
8.6275000011
8.6318750000
8.6350000010
8.6368750002
8.6400000005
8.6475000005
8.6525000010
8.6568750000
8.6600000001
8.6618750000
8.6650000005
8.6718750001
8.6725000005
8.6775000000
8.6818750002
8.6850000000
8.6868750002
8.6875000002
8.6900000002
8.6975000002
8.7025000000
8.7068750003
8.7100000007
8.7118750001
8.7150000004
8.7225000002
8.7275000005
8.7318750001
8.7350000021
8.7368750000
8.7400000002
8.7475000001
8.7500000001
8.7525000011
8.7568750000
8.7600000010
8.7618750002
8.7650000005
8.7725000005
8.7775000010
8.7818750000
8.7850000001
8.7868750000
8.7900000005
8.7968750001
8.7975000005
8.8025000000
8.8068750002
8.8100000000
8.8118750002
8.8125000002
8.8150000002
8.8225000002
8.8275000000
8.8318750003
8.8350000007
8.8368750001
8.8400000004
8.8475000002
8.8525000005
8.8568750001
8.8600000021
8.8618750000
8.8650000002
8.8725000001
8.8750000001
8.8775000011
8.8818750000
8.8850000010
8.8868750002
8.8900000005
8.8975000005
8.9025000010
8.9068750000
8.9100000001
8.9118750000
8.9150000005
8.9218750001
8.9225000005
8.9275000000
8.9318750002
8.9350000000
8.9368750002
8.9375000002
8.9400000002
8.9475000002
8.9525000000
8.9568750003
8.9600000007
8.9618750001
8.9650000004
8.9725000002
8.9775000005
8.9818750001
8.9850000021
8.9868750000
8.9900000002
8.9975000001
9.0000000001
9.0025000011
9.0068750000
9.0100000010
9.0118750002
9.0150000005
9.0225000005
9.0275000010
9.0318750000
9.0350000001
9.0368750000
9.0400000005
9.0468750001
9.0475000005
9.0525000000
9.0568750002
9.0600000000
9.0618750002
9.0625000002
9.0650000002
9.0725000002
9.0775000000
9.0818750003
9.0850000007
9.0868750001
9.0900000004
9.0975000002
9.1025000005
9.1068750001
9.1100000021
9.1118750000
9.1150000002
9.1225000001
9.1250000001
9.1275000011
9.1318750000
9.1350000010
9.1368750002
9.1400000005
9.1475000005
9.1525000010
9.1568750000
9.1600000001
9.1618750000
9.1650000005
9.1718750001
9.1725000005
9.1775000000
9.1818750002
9.1850000000
9.1868750002
9.1875000002
9.1900000002
9.1975000002
9.2025000000
9.2068750003
9.2100000007
9.2118750001
9.2150000004
9.2225000002
9.2275000005
9.2318750001
9.2350000021
9.2368750000
9.2400000002
9.2475000001
9.2500000001
9.2525000011
9.2568750000
9.2600000010
9.2618750002
9.2650000005
9.2725000005
9.2775000010
9.2818750000
9.2850000001
9.2868750000
9.2900000005
9.2968750001
9.2975000005
9.3025000000
9.3068750002
9.3100000000
9.3118750002
9.3125000002
9.3150000002
9.3225000002
9.3275000000
9.3318750003
9.3350000007
9.3368750001
9.3400000004
9.3475000002
9.3525000005
9.3568750001
9.3600000021
9.3618750000
9.3650000002
9.3725000001
9.3750000001
9.3775000011
9.3818750000
9.3850000010
9.3868750002
9.3900000005
9.3975000005
9.4025000010
9.4068750000
9.4100000001
9.4118750000
9.4150000005
9.4218750001
9.4225000005
9.4275000000
9.4318750002
9.4350000000
9.4368750002
9.4375000002
9.4400000002
9.4475000002
9.4525000000
9.4568750003
9.4600000007
9.4618750001
9.4650000004
9.4725000002
9.4775000005
9.4818750001
9.4850000021
9.4868750000
9.4900000002
9.4975000001
9.5000000001
9.5025000011
9.5068750000
9.5100000010
9.5118750002
9.5150000005
9.5225000005
9.5275000010
9.5318750000
9.5350000001
9.5368750000
9.5400000005
9.5468750001
9.5475000005
9.5525000000
9.5568750002
9.5600000000
9.5618750002
9.5625000002
9.5650000002
9.5725000002
9.5775000000
9.5818750003
9.5850000007
9.5868750001
9.5900000004
9.5975000002
9.6025000005
9.6068750001
9.6100000021
9.6118750000
9.6150000002
9.6225000001
9.6250000001
9.6275000011
9.6318750000
9.6350000010
9.6368750002
9.6400000005
9.6475000005
9.6525000010
9.6568750000
9.6600000001
9.6618750000
9.6650000005
9.6718750001
9.6725000005
9.6775000000
9.6818750002
9.6850000000
9.6868750002
9.6875000002
9.6900000002
9.6975000002
9.7025000000
9.7068750003
9.7100000007
9.7118750001
9.7150000004
9.7225000002
9.7275000005
9.7318750001
9.7350000021
9.7368750000
9.7400000002
9.7475000001
9.7500000001
9.7525000011
9.7568750000
9.7600000010
9.7618750002
9.7650000005
9.7725000005
9.7775000010
9.7818750000
9.7850000001
9.7868750000
9.7900000005
9.7968750001
9.7975000005
9.8025000000
9.8068750002
9.8100000000
9.8118750002
9.8125000002
9.8150000002
9.8225000002
9.8275000000
9.8318750003
9.8350000007
9.8368750001
9.8400000004
9.8475000002
9.8525000005
9.8568750001
9.8600000021
9.8618750000
9.8650000002
9.8725000001
9.8750000001
9.8775000011
9.8818750000
9.8850000010
9.8868750002
9.8900000005
9.8975000005
9.9025000010
9.9068750000
9.9100000001
9.9118750000
9.9150000005
9.9218750001
9.9225000005
9.9275000000
9.9318750002
9.9350000000
9.9368750002
9.9375000002
9.9400000002
9.9475000002
9.9525000000
9.9568750003
9.9600000007
9.9618750001
9.9650000004
9.9725000002
9.9775000005
9.9818750001
9.9850000021
9.9868750000
9.9900000002
9.9975000001
10.0000000001
10.0025000011
10.0068750000
10.0100000010
10.0118750002
10.0150000005
10.0225000005
10.0275000010
10.0318750000
10.0350000001
10.0368750000
10.0400000005
10.0468750001
10.0475000005
10.0525000000
10.0568750002
10.0600000000
10.0618750002
10.0625000002
10.0650000002
10.0725000002
10.0775000000
10.0818750003
10.0850000007
10.0868750001
10.0900000004
10.0975000002
10.1025000005
10.1068750001
10.1100000021
10.1118750000
10.1150000002
10.1225000001
10.1250000001
10.1275000011
10.1318750000
10.1350000010
10.1368750002
10.1400000005
10.1475000005
10.1525000010
10.1568750000
10.1600000001
10.1618750000
10.1650000005
10.1718750001
10.1725000005
10.1775000000
10.1818750002
10.1850000000
10.1868750002
10.1875000002
10.1900000002
10.1975000002
10.2025000000
10.2068750003
10.2100000007
10.2118750001
10.2150000004
10.2225000002
10.2275000005
10.2318750001
10.2350000021
10.2368750000
10.2400000002
10.2475000001
10.2500000001
10.2525000011
10.2568750000
10.2600000010
10.2618750002
10.2650000005
10.2725000005
10.2775000010
10.2818750000
10.2850000001
10.2868750000
10.2900000005
10.2968750001
10.2975000005
10.3025000000
10.3068750002
10.3100000000
10.3118750002
10.3125000002
10.3150000002
10.3225000002
10.3275000000
10.3318750003
10.3350000007
10.3368750001
10.3400000004
10.3475000002
10.3525000005
10.3568750001
10.3600000021
10.3618750000
10.3650000002
10.3725000001
10.3750000001
10.3775000011
10.3818750000
10.3850000010
10.3868750002
10.3900000005
10.3975000005
10.4025000010
10.4068750000
10.4100000001
10.4118750000
10.4150000005
10.4218750001
10.4225000005
10.4275000000
10.4318750002
10.4350000000
10.4368750002
10.4375000002
10.4400000002
10.4475000002
10.4525000000
10.4568750003
10.4600000007
10.4618750001
10.4650000004
10.4725000002
10.4775000005
10.4818750001
10.4850000021
10.4868750000
10.4900000002
10.4975000001
10.5000000001
10.5025000011
10.5068750000
10.5100000010
10.5118750002
10.5150000005
10.5225000005
10.5275000010
10.5318750000
10.5350000001
10.5368750000
10.5400000005
10.5468750001
10.5475000005
10.5525000000
10.5568750002
10.5600000000
10.5618750002
10.5625000002
10.5650000002
10.5725000002
10.5775000000
10.5818750003
10.5850000007
10.5868750001
10.5900000004
10.5975000002
10.6025000005
10.6068750001
10.6100000021
10.6118750000
10.6150000002
10.6225000001
10.6250000001
10.6275000011
10.6318750000
10.6350000010
10.6368750002
10.6400000005
10.6475000005
10.6525000010
10.6568750000
10.6600000001
10.6618750000
10.6650000005
10.6718750001
10.6725000005
10.6775000000
10.6818750002
10.6850000000
10.6868750002
10.6875000002
10.6900000002
10.6975000002
10.7025000000
10.7068750003
10.7100000007
10.7118750001
10.7150000004
10.7225000002
10.7275000005
10.7318750001
10.7350000021
10.7368750000
10.7400000002
10.7475000001
10.7500000001
10.7525000011
10.7568750000
10.7600000010
10.7618750002
10.7650000005
10.7725000005
10.7775000010
10.7818750000
10.7850000001
10.7868750000
10.7900000005
10.7968750001
10.7975000005
10.8025000000
10.8068750002
10.8100000000
10.8118750002
10.8125000002
10.8150000002
10.8225000002
10.8275000000
10.8318750003
10.8350000007
10.8368750001
10.8400000004
10.8475000002
10.8525000005
10.8568750001
10.8600000021
10.8618750000
10.8650000002
10.8725000001
10.8750000001
10.8775000011
10.8818750000
10.8850000010
10.8868750002
10.8900000005
10.8975000005
10.9025000010
10.9068750000
10.9100000001
10.9118750000
10.9150000005
10.9218750001
10.9225000005
10.9275000000
10.9318750002
10.9350000000
10.9368750002
10.9375000002
10.9400000002
10.9475000002
10.9525000000
10.9568750003
10.9600000007
10.9618750001
10.9650000004
10.9725000002
10.9775000005
10.9818750001
10.9850000021
10.9868750000
10.9900000002
10.9975000001
11.0000000001
11.0025000011
11.0068750000
11.0100000010
11.0118750002
11.0150000005
11.0225000005
11.0275000010
11.0318750000
11.0350000001
11.0368750000
11.0400000005
11.0468750001
11.0475000005
11.0525000000
11.0568750002
11.0600000012
11.0618750002
11.0625000002
11.0650000002
11.0725000002
11.0775000000
11.0818750003
11.0850000007
11.0868750001
11.0900000004
11.0975000002
11.1025000005
11.1068750001
11.1100000021
11.1118750000
11.1150000002
11.1225000001
11.1250000001
11.1275000011
11.1318750000
11.1350000010
11.1368750002
11.1400000005
11.1475000005
11.1525000010
11.1568750000
11.1600000001
11.1618750000
11.1650000005
11.1718750001
11.1725000005
11.1775000000
11.1818750002
11.1850000012
11.1868750002
11.1875000002
11.1900000002
11.1975000002
11.2025000000
11.2068750003
11.2100000007
11.2118750001
11.2150000004
11.2225000002
11.2275000005
11.2318750001
11.2350000021
11.2368750000
11.2400000002
11.2475000001
11.2500000001
11.2525000011
11.2568750000
11.2600000010
11.2618750002
11.2650000005
11.2725000005
11.2775000010
11.2818750000
11.2850000001
11.2868750000
11.2900000005
11.2968750001
11.2975000005
11.3025000000
11.3068750002
11.3100000000
11.3118750002
11.3125000002
11.3150000002
11.3225000002
11.3275000000
11.3318750003
11.3350000007
11.3368750001
11.3400000004
11.3475000002
11.3525000005
11.3568750001
11.3600000021
11.3618750000
11.3650000002
11.3725000001
11.3750000001
11.3775000011
11.3818750000
11.3850000010
11.3868750002
11.3900000005
11.3975000005
11.4025000010
11.4068750000
11.4100000001
11.4118750000
11.4150000005
11.4218750001
11.4225000005
11.4275000000
11.4318750002
11.4350000012
11.4368750002
11.4375000002
11.4400000002
11.4475000002
11.4525000000
11.4568750003
11.4600000007
11.4618750001
11.4650000004
11.4725000002
11.4775000005
11.4818750001
11.4850000021
11.4868750000
11.4900000002
11.4975000001
11.5000000001
11.5025000011
11.5068750000
11.5100000010
11.5118750002
11.5150000005
11.5225000005
11.5275000010
11.5318750000
11.5350000001
11.5368750000
11.5400000005
11.5468750001
11.5475000005
11.5525000000
11.5568750002
11.5600000012
11.5618750002
11.5625000002
11.5650000002
11.5725000002
11.5775000000
11.5818750003
11.5850000007
11.5868750001
11.5900000004
11.5975000002
11.6025000005
11.6068750001
11.6100000021
11.6118750000
11.6150000002
11.6225000001
11.6250000001
11.6275000011
11.6318750000
11.6350000010
11.6368750002
11.6400000005
11.6475000005
11.6525000010
11.6568750000
11.6600000001
11.6618750000
11.6650000005
11.6718750001
11.6725000005
11.6775000000
11.6818750002
11.6850000012
11.6868750002
11.6875000002
11.6900000002
11.6975000002
11.7025000000
11.7068750003
11.7100000007
11.7118750001
11.7150000004
11.7225000002
11.7275000005
11.7318750001
11.7350000021
11.7368750000
11.7400000002
11.7475000001
11.7500000001
11.7525000011
11.7568750000
11.7600000010
11.7618750002
11.7650000005
11.7725000005
11.7775000010
11.7818750000
11.7850000001
11.7868750000
11.7900000005
11.7968750001
11.7975000005
11.8025000000
11.8068750002
11.8100000012
11.8118750002
11.8125000002
11.8150000002
11.8225000002
11.8275000000
11.8318750003
11.8350000007
11.8368750001
11.8400000004
11.8475000002
11.8525000005
11.8568750001
11.8600000021
11.8618750000
11.8650000002
11.8725000001
11.8750000001
11.8775000011
11.8818750000
11.8850000010
11.8868750002
11.8900000005
11.8975000006
11.9025000010
11.9068750000
11.9100000001
11.9118750000
11.9150000005
11.9218750001
11.9225000005
11.9275000000
11.9318750002
11.9350000012
11.9368750002
11.9375000002
11.9400000002
11.9475000002
11.9525000000
11.9568750003
11.9600000007
11.9618750001
11.9650000004
11.9725000002
11.9775000005
11.9818750001
11.9850000021
11.9868750000
11.9900000002
11.9975000001
12.0000000001
12.0025000011
12.0068750000
12.0100000010
12.0118750002
12.0150000005
12.0225000005
12.0275000010
12.0318750000
12.0350000001
12.0368750000
12.0400000005
12.0468750001
12.0475000005
12.0525000000
12.0568750002
12.0600000012
12.0618750002
12.0625000002
12.0650000002
12.0725000002
12.0775000000
12.0818750003
12.0850000007
12.0868750001
12.0900000004
12.0975000002
12.1025000005
12.1068750001
12.1100000021
12.1118750000
12.1150000002
12.1225000001
12.1250000001
12.1275000011
12.1318750000
12.1350000010
12.1368750002
12.1400000005
12.1475000005
12.1525000010
12.1568750000
12.1600000001
12.1618750000
12.1650000005
12.1718750001
12.1725000005
12.1775000000
12.1818750002
12.1850000012
12.1868750002
12.1875000002
12.1900000002
12.1975000002
12.2025000000
12.2068750003
12.2100000007
12.2118750001
12.2150000004
12.2225000002
12.2275000005
12.2318750001
12.2350000021
12.2368750000
12.2400000002
12.2475000001
12.2500000001
12.2525000011
12.2568750000
12.2600000010
12.2618750002
12.2650000005
12.2725000006
12.2775000010
12.2818750000
12.2850000001
12.2868750000
12.2900000005
12.2968750001
12.2975000005
12.3025000000
12.3068750002
12.3100000012
12.3118750002
12.3125000002
12.3150000002
12.3225000002
12.3275000000
12.3318750003
12.3350000007
12.3368750001
12.3400000004
12.3475000002
12.3525000005
12.3568750001
12.3600000021
12.3618750000
12.3650000002
12.3725000001
12.3750000001
12.3775000011
12.3818750000
12.3850000010
12.3868750002
12.3900000005
12.3975000006
12.4025000010
12.4068750000
12.4100000001
12.4118750000
12.4150000005
12.4218750001
12.4225000005
12.4275000000
12.4318750002
12.4350000012
12.4368750002
12.4375000002
12.4400000002
12.4475000002
12.4525000000
12.4568750003
12.4600000007
12.4618750001
12.4650000004
12.4725000002
12.4775000005
12.4818750001
12.4850000021
12.4868750000
12.4900000002
12.4975000001
12.5000000001
12.5025000011
12.5068750000
12.5100000010
12.5118750002
12.5150000005
12.5225000006
12.5275000010
12.5318750000
12.5350000001
12.5368750000
12.5400000005
12.5468750001
12.5475000005
12.5525000000
12.5568750002
12.5600000012
12.5618750002
12.5625000002
12.5650000002
12.5725000002
12.5775000000
12.5818750003
12.5850000007
12.5868750001
12.5900000004
12.5975000049
12.6025000005
12.6068750001
12.6100000021
12.6118750000
12.6150000002
12.6225000001
12.6250000001
12.6275000011
12.6318750000
12.6350000010
12.6368750002
12.6400000005
12.6475000006
12.6525000010
12.6568750000
12.6600000001
12.6618750000
12.6650000005
12.6718750001
12.6725000005
12.6775000000
12.6818750002
12.6850000012
12.6868750002
12.6875000002
12.6900000002
12.6975000002
12.7025000000
12.7068750003
12.7100000007
12.7118750001
12.7150000004
12.7225000002
12.7275000005
12.7318750001
12.7350000021
12.7368750000
12.7400000002
12.7475000001
12.7500000001
12.7525000011
12.7568750000
12.7600000010
12.7618750002
12.7650000005
12.7725000006
12.7775000010
12.7818750000
12.7850000001
12.7868750000
12.7900000005
12.7968750001
12.7975000005
12.8025000000
12.8068750002
12.8100000012
12.8118750002
12.8125000002
12.8150000002
12.8225000002
12.8275000000
12.8318750003
12.8350000007
12.8368750001
12.8400000004
12.8475000002
12.8525000005
12.8568750001
12.8600000021
12.8618750000
12.8650000002
12.8725000001
12.8750000001
12.8775000011
12.8818750000
12.8850000010
12.8868750002
12.8900000005
12.8975000006
12.9025000010
12.9068750000
12.9100000001
12.9118750000
12.9150000005
12.9218750001
12.9225000005
12.9275000000
12.9318750002
12.9350000012
12.9368750002
12.9375000002
12.9400000002
12.9475000002
12.9525000000
12.9568750003
12.9600000007
12.9618750001
12.9650000004
12.9725000049
12.9775000005
12.9818750001
12.9850000021
12.9868750000
12.9900000002
12.9975000001
13.0000000001
13.0025000011
13.0068750000
13.0100000010
13.0118750002
13.0150000005
13.0225000006
13.0275000010
13.0318750000
13.0350000001
13.0368750000
13.0400000005
13.0468750001
13.0475000005
13.0525000000
13.0568750002
13.0600000012
13.0618750002
13.0625000002
13.0650000002
13.0725000002
13.0775000000
13.0818750003
13.0850000007
13.0868750001
13.0900000004
13.0975000049
13.1025000005
13.1068750001
13.1100000021
13.1118750000
13.1150000002
13.1225000001
13.1250000001
13.1275000011
13.1318750000
13.1350000010
13.1368750002
13.1400000005
13.1475000006
13.1525000010
13.1568750000
13.1600000001
13.1618750000
13.1650000005
13.1718750001
13.1725000005
13.1775000000
13.1818750002
13.1850000012
13.1868750002
13.1875000002
13.1900000002
13.1975000002
13.2025000000
13.2068750003
13.2100000007
13.2118750001
13.2150000004
13.2225000049
13.2275000005
13.2318750001
13.2350000021
13.2368750000
13.2400000002
13.2475000001
13.2500000001
13.2525000011
13.2568750000
13.2600000010
13.2618750002
13.2650000005
13.2725000006
13.2775000010
13.2818750000
13.2850000001
13.2868750000
13.2900000005
13.2968750001
13.2975000005
13.3025000000
13.3068750002
13.3100000012
13.3118750002
13.3125000002
13.3150000002
13.3225000002
13.3275000000
13.3318750003
13.3350000007
13.3368750001
13.3400000004
13.3475000049
13.3525000005
13.3568750001
13.3600000021
13.3618750000
13.3650000002
13.3725000001
13.3750000001
13.3775000011
13.3818750000
13.3850000010
13.3868750002
13.3900000005
13.3975000006
13.4025000010
13.4068750000
13.4100000001
13.4118750000
13.4150000005
13.4218750001
13.4225000005
13.4275000000
13.4318750002
13.4350000012
13.4368750002
13.4375000002
13.4400000002
13.4475000002
13.4525000000
13.4568750003
13.4600000007
13.4618750001
13.4650000004
13.4725000049
13.4775000005
13.4818750001
13.4850000021
13.4868750000
13.4900000002
13.4975000001
13.5000000001
13.5025000011
13.5068750000
13.5100000010
13.5118750002
13.5150000005
13.5225000006
13.5275000010
13.5318750000
13.5350000001
13.5368750000
13.5400000005
13.5468750001
13.5475000005
13.5525000000
13.5568750002
13.5600000012
13.5618750002
13.5625000002
13.5650000002
13.5725000002
13.5775000000
13.5818750003
13.5850000007
13.5868750001
13.5900000004
13.5975000049
13.6025000005
13.6068750001
13.6100000021
13.6118750000
13.6150000002
13.6225000001
13.6250000001
13.6275000011
13.6318750000
13.6350000010
13.6368750002
13.6400000005
13.6475000006
13.6525000010
13.6568750000
13.6600000001
13.6618750000
13.6650000005
13.6718750001
13.6725000005
13.6775000000
13.6818750002
13.6850000012
13.6868750002
13.6875000002
13.6900000002
13.6975000002
13.7025000000
13.7068750003
13.7100000007
13.7118750001
13.7150000004
13.7225000049
13.7275000005
13.7318750001
13.7350000021
13.7368750000
13.7400000002
13.7475000001
13.7500000001
13.7525000011
13.7568750000
13.7600000010
13.7618750002
13.7650000005
13.7725000006
13.7775000010
13.7818750000
13.7850000001
13.7868750000
13.7900000005
13.7968750001
13.7975000005
13.8025000000
13.8068750002
13.8100000012
13.8118750002
13.8125000002
13.8150000002
13.8225000002
13.8275000000
13.8318750003
13.8350000007
13.8368750001
13.8400000004
13.8475000049
13.8525000005
13.8568750001
13.8600000021
13.8618750000
13.8650000002
13.8725000001
13.8750000001
13.8775000011
13.8818750000
13.8850000010
13.8868750002
13.8900000005
13.8975000006
13.9025000010
13.9068750000
13.9100000001
13.9118750000
13.9150000005
13.9218750001
13.9225000005
13.9275000000
13.9318750002
13.9350000012
13.9368750002
13.9375000002
13.9400000002
13.9475000002
13.9525000000
13.9568750003
13.9600000007
13.9618750001
13.9650000004
13.9725000049
13.9775000005
13.9818750001
13.9850000021
13.9868750000
13.9900000002
13.9975000001
14.0000000001
14.0025000011
14.0068750000
14.0100000010
14.0118750002
14.0150000005
14.0225000006
14.0275000010
14.0318750000
14.0350000001
14.0368750000
14.0400000005
14.0468750001
14.0475000005
14.0525000000
14.0568750002
14.0600000012
14.0618750002
14.0625000002
14.0650000002
14.0725000002
14.0775000000
14.0818750003
14.0850000007
14.0868750001
14.0900000004
14.0975000049
14.1025000005
14.1068750001
14.1100000021
14.1118750000
14.1150000002
14.1225000001
14.1250000001
14.1275000011
14.1318750000
14.1350000010
14.1368750002
14.1400000005
14.1475000006
14.1525000010
14.1568750000
14.1600000001
14.1618750000
14.1650000005
14.1718750001
14.1725000005
14.1775000000
14.1818750002
14.1850000012
14.1868750002
14.1875000002
14.1900000002
14.1975000002
14.2025000000
14.2068750003
14.2100000007
14.2118750001
14.2150000004
14.2225000049
14.2275000005
14.2318750001
14.2350000021
14.2368750000
14.2400000002
14.2475000001
14.2500000001
14.2525000011
14.2568750000
14.2600000010
14.2618750002
14.2650000005
14.2725000006
14.2775000010
14.2818750000
14.2850000001
14.2868750000
14.2900000005
14.2968750001
14.2975000005
14.3025000000
14.3068750002
14.3100000012
14.3118750002
14.3125000002
14.3150000002
14.3225000002
14.3275000000
14.3318750003
14.3350000007
14.3368750001
14.3400000004
14.3475000049
14.3525000005
14.3568750001
14.3600000021
14.3618750000
14.3650000002
14.3725000001
14.3750000001
14.3775000011
14.3818750000
14.3850000010
14.3868750002
14.3900000005
14.3975000006
14.4025000010
14.4068750000
14.4100000001
14.4118750000
14.4150000005
14.4218750001
14.4225000005
14.4275000000
14.4318750002
14.4350000012
14.4368750002
14.4375000002
14.4400000002
14.4475000002
14.4525000000
14.4568750003
14.4600000007
14.4618750001
14.4650000004
14.4725000049
14.4775000005
14.4818750001
14.4850000021
14.4868750000
14.4900000002
14.4975000001
14.5000000001
14.5025000011
14.5068750000
14.5100000010
14.5118750002
14.5150000005
14.5225000006
14.5275000010
14.5318750000
14.5350000001
14.5368750000
14.5400000005
14.5468750001
14.5475000005
14.5525000000
14.5568750002
14.5600000012
14.5618750002
14.5625000002
14.5650000002
14.5725000002
14.5775000000
14.5818750003
14.5850000007
14.5868750001
14.5900000004
14.5975000049
14.6025000005
14.6068750001
14.6100000021
14.6118750000
14.6150000002
14.6225000001
14.6250000001
14.6275000011
14.6318750000
14.6350000010
14.6368750002
14.6400000005
14.6475000006
14.6525000010
14.6568750000
14.6600000001
14.6618750000
14.6650000005
14.6718750001
14.6725000005
14.6775000000
14.6818750002
14.6850000012
14.6868750002
14.6875000002
14.6900000002
14.6975000002
14.7025000000
14.7068750003
14.7100000007
14.7118750001
14.7150000004
14.7225000049
14.7275000005
14.7318750001
14.7350000021
14.7368750000
14.7400000002
14.7475000001
14.7500000001
14.7525000011
14.7568750000
14.7600000010
14.7618750002
14.7650000005
14.7725000006
14.7775000010
14.7818750000
14.7850000001
14.7868750000
14.7900000005
14.7968750001
14.7975000005
14.8025000000
14.8068750002
14.8100000012
14.8118750002
14.8125000002
14.8150000002
14.8225000002
14.8275000000
14.8318750003
14.8350000007
14.8368750001
14.8400000004
14.8475000049
14.8525000005
14.8568750001
14.8600000021
14.8618750000
14.8650000002
14.8725000001
14.8750000001
14.8775000011
14.8818750000
14.8850000010
14.8868750002
14.8900000005
14.8975000006
14.9025000010
14.9068750000
14.9100000001
14.9118750000
14.9150000005
14.9218750001
14.9225000005
14.9275000000
14.9318750002
14.9350000012
14.9368750002
14.9375000002
14.9400000002
14.9475000002
14.9525000000
14.9568750003
14.9600000007
14.9618750001
14.9650000004
14.9725000049
14.9775000005
14.9818750001
14.9850000021
14.9868750000
14.9900000002
14.9975000001
15.0000000001
15.0025000011
15.0068750000
15.0100000010
15.0118750002
15.0150000005
15.0225000006
15.0275000010
15.0318750000
15.0350000001
15.0368750000
15.0400000005
15.0468750001
15.0475000005
15.0525000000
15.0568750002
15.0600000012
15.0618750002
15.0625000002
15.0650000002
15.0725000002
15.0775000000
15.0818750003
15.0850000007
15.0868750001
15.0900000004
15.0975000049
15.1025000005
15.1068750001
15.1100000021
15.1118750000
15.1150000002
15.1225000001
15.1250000001
15.1275000011
15.1318750000
15.1350000010
15.1368750002
15.1400000013
15.1475000006
15.1525000010
15.1568750000
15.1600000001
15.1618750000
15.1650000005
15.1718750001
15.1725000005
15.1775000000
15.1818750002
15.1850000012
15.1868750002
15.1875000002
15.1900000002
15.1975000002
15.2025000000
15.2068750003
15.2100000007
15.2118750001
15.2150000004
15.2225000049
15.2275000005
15.2318750001
15.2350000021
15.2368750000
15.2400000002
15.2475000001
15.2500000001
15.2525000011
15.2568750000
15.2600000010
15.2618750002
15.2650000013
15.2725000006
15.2775000010
15.2818750000
15.2850000001
15.2868750000
15.2900000005
15.2968750001
15.2975000005
15.3025000000
15.3068750002
15.3100000012
15.3118750002
15.3125000002
15.3150000002
15.3225000002
15.3275000000
15.3318750003
15.3350000007
15.3368750001
15.3400000004
15.3475000049
15.3525000005
15.3568750001
15.3600000021
15.3618750000
15.3650000002
15.3725000001
15.3750000001
15.3775000011
15.3818750000
15.3850000010
15.3868750002
15.3900000005
15.3975000006
15.4025000010
15.4068750000
15.4100000001
15.4118750000
15.4150000005
15.4218750001
15.4225000005
15.4275000000
15.4318750002
15.4350000012
15.4368750002
15.4375000002
15.4400000002
15.4475000002
15.4525000000
15.4568750003
15.4600000007
15.4618750001
15.4650000004
15.4725000049
15.4775000005
15.4818750001
15.4850000021
15.4868750000
15.4900000002
15.4975000001
15.5000000001
15.5025000011
15.5068750000
15.5100000010
15.5118750002
15.5150000013
15.5225000006
15.5275000010
15.5318750000
15.5350000001
15.5368750003
15.5400000005
15.5468750001
15.5475000005
15.5525000000
15.5568750002
15.5600000012
15.5618750002
15.5625000002
15.5650000002
15.5725000002
15.5775000000
15.5818750003
15.5850000007
15.5868750001
15.5900000004
15.5975000049
15.6025000005
15.6068750001
15.6100000021
15.6118750000
15.6150000002
15.6225000001
15.6250000001
15.6275000011
15.6318750000
15.6350000010
15.6368750002
15.6400000013
15.6475000006
15.6525000010
15.6568750000
15.6600000001
15.6618750000
15.6650000005
15.6718750001
15.6725000005
15.6775000000
15.6818750002
15.6850000012
15.6868750002
15.6875000002
15.6900000002
15.6975000002
15.7025000000
15.7068750003
15.7100000007
15.7118750001
15.7150000004
15.7225000049
15.7275000005
15.7318750001
15.7350000021
15.7368750000
15.7400000002
15.7475000001
15.7500000001
15.7525000011
15.7568750000
15.7600000010
15.7618750002
15.7650000013
15.7725000006
15.7775000010
15.7818750000
15.7850000001
15.7868750003
15.7900000005
15.7968750001
15.7975000005
15.8025000000
15.8068750002
15.8100000012
15.8118750002
15.8125000002
15.8150000002
15.8225000002
15.8275000000
15.8318750003
15.8350000007
15.8368750001
15.8400000004
15.8475000049
15.8525000005
15.8568750001
15.8600000021
15.8618750000
15.8650000002
15.8725000001
15.8750000001
15.8775000011
15.8818750000
15.8850000010
15.8868750002
15.8900000013
15.8975000006
15.9025000010
15.9068750000
15.9100000001
15.9118750003
15.9150000005
15.9218750001
15.9225000005
15.9275000000
15.9318750002
15.9350000012
15.9368750002
15.9375000002
15.9400000002
15.9475000002
15.9525000000
15.9568750003
15.9600000007
15.9618750001
15.9650000004
15.9725000049
15.9775000005
15.9818750001
15.9850000021
15.9868750000
15.9900000002
15.9975000001
16.0000000001
16.0025000011
16.0068750000
16.0100000010
16.0118750002
16.0150000013
16.0225000006
16.0275000010
16.0318750000
16.0350000001
16.0368750003
16.0400000005
16.0468750001
16.0475000005
16.0525000000
16.0568750002
16.0600000012
16.0618750002
16.0625000002
16.0650000002
16.0725000002
16.0775000000
16.0818750003
16.0850000007
16.0868750001
16.0900000004
16.0975000049
16.1025000005
16.1068750001
16.1100000021
16.1118750000
16.1150000002
16.1225000001
16.1250000001
16.1275000011
16.1318750000
16.1350000010
16.1368750002
16.1400000013
16.1475000006
16.1525000010
16.1568750000
16.1600000001
16.1618750003
16.1650000005
16.1718750001
16.1725000005
16.1775000000
16.1818750002
16.1850000012
16.1868750002
16.1875000002
16.1900000002
16.1975000002
16.2025000000
16.2068750003
16.2100000007
16.2118750001
16.2150000004
16.2225000049
16.2275000005
16.2318750001
16.2350000021
16.2368750000
16.2400000002
16.2475000001
16.2500000001
16.2525000011
16.2568750000
16.2600000010
16.2618750002
16.2650000013
16.2725000006
16.2775000010
16.2818750000
16.2850000001
16.2868750003
16.2900000005
16.2968750001
16.2975000005
16.3025000000
16.3068750002
16.3100000012
16.3118750002
16.3125000002
16.3150000002
16.3225000002
16.3275000000
16.3318750003
16.3350000007
16.3368750001
16.3400000004
16.3475000049
16.3525000005
16.3568750001
16.3600000021
16.3618750000
16.3650000002
16.3725000001
16.3750000001
16.3775000012
16.3818750000
16.3850000010
16.3868750002
16.3900000013
16.3975000006
16.4025000010
16.4068750000
16.4100000001
16.4118750003
16.4150000005
16.4218750001
16.4225000005
16.4275000000
16.4318750002
16.4350000012
16.4368750002
16.4375000002
16.4400000002
16.4475000002
16.4525000000
16.4568750003
16.4600000007
16.4618750001
16.4650000004
16.4725000049
16.4775000005
16.4818750001
16.4850000021
16.4868750000
16.4900000002
16.4975000001
16.5000000001
16.5025000011
16.5068750000
16.5100000010
16.5118750002
16.5150000013
16.5225000006
16.5275000010
16.5318750000
16.5350000001
16.5368750003
16.5400000005
16.5468750001
16.5475000005
16.5525000000
16.5568750002
16.5600000012
16.5618750002
16.5625000002
16.5650000002
16.5725000002
16.5775000000
16.5818750003
16.5850000007
16.5868750001
16.5900000004
16.5975000049
16.6025000005
16.6068750001
16.6100000021
16.6118750000
16.6150000002
16.6225000001
16.6250000001
16.6275000011
16.6318750000
16.6350000010
16.6368750002
16.6400000013
16.6475000006
16.6525000010
16.6568750000
16.6600000001
16.6618750003
16.6650000005
16.6718750001
16.6725000005
16.6775000000
16.6818750002
16.6850000012
16.6868750002
16.6875000002
16.6900000002
16.6975000002
16.7025000000
16.7068750003
16.7100000007
16.7118750001
16.7150000004
16.7225000049
16.7275000005
16.7318750001
16.7350000021
16.7368750000
16.7400000002
16.7475000001
16.7500000001
16.7525000012
16.7568750000
16.7600000010
16.7618750002
16.7650000013
16.7725000006
16.7775000010
16.7818750000
16.7850000001
16.7868750003
16.7900000005
16.7968750001
16.7975000005
16.8025000000
16.8068750002
16.8100000012
16.8118750002
16.8125000002
16.8150000002
16.8225000002
16.8275000000
16.8318750003
16.8350000007
16.8368750001
16.8400000004
16.8475000049
16.8525000005
16.8568750001
16.8600000021
16.8618750000
16.8650000002
16.8725000001
16.8750000001
16.8775000012
16.8818750000
16.8850000010
16.8868750002
16.8900000013
16.8975000006
16.9025000010
16.9068750000
16.9100000001
16.9118750003
16.9150000005
16.9218750001
16.9225000005
16.9275000000
16.9318750002
16.9350000012
16.9368750002
16.9375000002
16.9400000002
16.9475000002
16.9525000000
16.9568750003
16.9600000007
16.9618750001
16.9650000004
16.9725000049
16.9775000005
16.9818750001
16.9850000021
16.9868750002
16.9900000002
16.9975000001
17.0000000001
17.0025000012
17.0068750000
17.0100000010
17.0118750002
17.0150000013
17.0225000006
17.0275000010
17.0318750000
17.0350000001
17.0368750003
17.0400000005
17.0468750001
17.0475000005
17.0525000000
17.0568750002
17.0600000012
17.0618750002
17.0625000002
17.0650000002
17.0725000002
17.0775000000
17.0818750003
17.0850000007
17.0868750001
17.0900000004
17.0975000049
17.1025000005
17.1068750001
17.1100000021
17.1118750000
17.1150000002
17.1225000001
17.1250000001
17.1275000012
17.1318750000
17.1350000010
17.1368750002
17.1400000013
17.1475000006
17.1525000010
17.1568750000
17.1600000001
17.1618750003
17.1650000005
17.1718750001
17.1725000005
17.1775000000
17.1818750002
17.1850000012
17.1868750002
17.1875000002
17.1900000002
17.1975000002
17.2025000000
17.2068750003
17.2100000007
17.2118750001
17.2150000004
17.2225000049
17.2275000005
17.2318750001
17.2350000021
17.2368750002
17.2400000002
17.2475000001
17.2500000001
17.2525000012
17.2568750000
17.2600000010
17.2618750002
17.2650000013
17.2725000006
17.2775000010
17.2818750000
17.2850000001
17.2868750003
17.2900000005
17.2968750001
17.2975000005
17.3025000000
17.3068750002
17.3100000012
17.3118750002
17.3125000002
17.3150000002
17.3225000002
17.3275000000
17.3318750003
17.3350000007
17.3368750001
17.3400000004
17.3475000049
17.3525000005
17.3568750001
17.3600000021
17.3618750002
17.3650000002
17.3725000001
17.3750000001
17.3775000012
17.3818750000
17.3850000010
17.3868750002
17.3900000013
17.3975000006
17.4025000010
17.4068750000
17.4100000001
17.4118750003
17.4150000005
17.4218750001
17.4225000005
17.4275000000
17.4318750002
17.4350000012
17.4368750002
17.4375000002
17.4400000002
17.4475000002
17.4525000000
17.4568750003
17.4600000007
17.4618750001
17.4650000004
17.4725000049
17.4775000005
17.4818750001
17.4850000021
17.4868750002
17.4900000002
17.4975000001
17.5000000001
17.5025000012
17.5068750000
17.5100000010
17.5118750002
17.5150000013
17.5225000006
17.5275000010
17.5318750000
17.5350000001
17.5368750003
17.5400000005
17.5468750001
17.5475000005
17.5525000000
17.5568750002
17.5600000012
17.5618750002
17.5625000002
17.5650000002
17.5725000002
17.5775000000
17.5818750003
17.5850000007
17.5868750001
17.5900000004
17.5975000049
17.6025000005
17.6068750001
17.6100000021
17.6118750002
17.6150000002
17.6225000001
17.6250000001
17.6275000012
17.6318750000
17.6350000010
17.6368750002
17.6400000013
17.6475000006
17.6525000010
17.6568750000
17.6600000001
17.6618750003
17.6650000005
17.6718750001
17.6725000005
17.6775000000
17.6818750002
17.6850000012
17.6868750002
17.6875000002
17.6900000002
17.6975000002
17.7025000000
17.7068750003
17.7100000007
17.7118750001
17.7150000004
17.7225000049
17.7275000005
17.7318750001
17.7350000021
17.7368750002
17.7400000002
17.7475000001
17.7500000001
17.7525000012
17.7568750000
17.7600000010
17.7618750002
17.7650000013
17.7725000006
17.7775000010
17.7818750000
17.7850000001
17.7868750003
17.7900000005
17.7968750001
17.7975000005
17.8025000000
17.8068750002
17.8100000012
17.8118750002
17.8125000002
17.8150000002
17.8225000002
17.8275000000
17.8318750003
17.8350000007
17.8368750001
17.8400000004
17.8475000049
17.8525000005
17.8568750001
17.8600000021
17.8618750002
17.8650000002
17.8725000001
17.8750000001
17.8775000012
17.8818750000
17.8850000010
17.8868750002
17.8900000013
17.8975000006
17.9025000010
17.9068750000
17.9100000001
17.9118750003
17.9150000005
17.9218750001
17.9225000005
17.9275000000
17.9318750002
17.9350000012
17.9368750002
17.9375000002
17.9400000002
17.9475000002
17.9525000000
17.9568750003
17.9600000007
17.9618750001
17.9650000004
17.9725000049
17.9775000005
17.9818750001
17.9850000021
17.9868750002
17.9900000016
17.9975000001
18.0000000001
18.0025000012
18.0068750000
18.0100000010
18.0118750002
18.0150000013
18.0225000006
18.0275000010
18.0318750000
18.0350000001
18.0368750003
18.0400000005
18.0468750001
18.0475000005
18.0525000000
18.0568750023
18.0600000012
18.0618750002
18.0625000002
18.0650000002
18.0725000002
18.0775000000
18.0818750003
18.0850000007
18.0868750001
18.0900000004
18.0975000049
18.1025000005
18.1068750001
18.1100000021
18.1118750002
18.1150000016
18.1225000001
18.1250000001
18.1275000012
18.1318750000
18.1350000010
18.1368750002
18.1400000013
18.1475000006
18.1525000010
18.1568750000
18.1600000001
18.1618750003
18.1650000005
18.1718750001
18.1725000005
18.1775000000
18.1818750002
18.1850000012
18.1868750002
18.1875000002
18.1900000002
18.1975000002
18.2025000000
18.2068750003
18.2100000007
18.2118750001
18.2150000004
18.2225000049
18.2275000005
18.2318750001
18.2350000021
18.2368750002
18.2400000002
18.2475000001
18.2500000001
18.2525000012
18.2568750000
18.2600000010
18.2618750002
18.2650000013
18.2725000006
18.2775000010
18.2818750000
18.2850000001
18.2868750003
18.2900000005
18.2968750001
18.2975000005
18.3025000000
18.3068750023
18.3100000012
18.3118750002
18.3125000002
18.3150000002
18.3225000002
18.3275000000
18.3318750003
18.3350000007
18.3368750001
18.3400000004
18.3475000049
18.3525000005
18.3568750001
18.3600000021
18.3618750002
18.3650000016
18.3725000001
18.3750000001
18.3775000012
18.3818750000
18.3850000010
18.3868750002
18.3900000013
18.3975000006
18.4025000010
18.4068750000
18.4100000001
18.4118750003
18.4150000005
18.4218750001
18.4225000005
18.4275000000
18.4318750023
18.4350000012
18.4368750002
18.4375000002
18.4400000002
18.4475000002
18.4525000000
18.4568750003
18.4600000007
18.4618750001
18.4650000004
18.4725000049
18.4775000005
18.4818750001
18.4850000021
18.4868750002
18.4900000016
18.4975000013
18.5000000001
18.5025000012
18.5068750000
18.5100000010
18.5118750002
18.5150000013
18.5225000006
18.5275000010
18.5318750000
18.5350000001
18.5368750003
18.5400000005
18.5468750001
18.5475000005
18.5525000000
18.5568750023
18.5600000012
18.5618750003
18.5625000002
18.5650000002
18.5725000002
18.5775000000
18.5818750003
18.5850000007
18.5868750001
18.5900000004
18.5975000049
18.6025000005
18.6068750001
18.6100000021
18.6118750002
18.6150000016
18.6225000001
18.6250000001
18.6275000012
18.6318750000
18.6350000010
18.6368750002
18.6400000013
18.6475000006
18.6525000010
18.6568750000
18.6600000001
18.6618750003
18.6650000005
18.6718750001
18.6725000005
18.6775000000
18.6818750023
18.6850000012
18.6868750002
18.6875000002
18.6900000002
18.6975000002
18.7025000000
18.7068750003
18.7100000007
18.7118750001
18.7150000004
18.7225000049
18.7275000005
18.7318750001
18.7350000021
18.7368750002
18.7400000016
18.7475000001
18.7500000001
18.7525000012
18.7568750000
18.7600000010
18.7618750002
18.7650000013
18.7725000006
18.7775000010
18.7818750000
18.7850000001
18.7868750003
18.7900000005
18.7968750001
18.7975000005
18.8025000000
18.8068750035
18.8100000012
18.8118750003
18.8125000002
18.8150000002
18.8225000002
18.8275000000
18.8318750003
18.8350000007
18.8368750001
18.8400000004
18.8475000049
18.8525000005
18.8568750001
18.8600000021
18.8618750002
18.8650000016
18.8725000013
18.8750000001
18.8775000012
18.8818750000
18.8850000010
18.8868750002
18.8900000013
18.8975000006
18.9025000010
18.9068750000
18.9100000001
18.9118750003
18.9150000005
18.9218750001
18.9225000005
18.9275000000
18.9318750023
18.9350000012
18.9368750003
18.9375000002
18.9400000002
18.9475000002
18.9525000000
18.9568750003
18.9600000007
18.9618750001
18.9650000004
18.9725000049
18.9775000005
18.9818750001
18.9850000021
18.9868750002
18.9900000052
18.9975000013
19.0000000001
19.0025000012
19.0068750000
19.0100000010
19.0118750002
19.0150000013
19.0225000006
19.0275000010
19.0318750000
19.0350000001
19.0368750003
19.0400000005
19.0468750001
19.0475000005
19.0525000000
19.0568750035
19.0600000012
19.0618750003
19.0625000002
19.0650000002
19.0725000002
19.0775000000
19.0818750003
19.0850000007
19.0868750001
19.0900000004
19.0975000049
19.1025000005
19.1068750001
19.1100000021
19.1118750002
19.1150000052
19.1225000013
19.1250000001
19.1275000012
19.1318750000
19.1350000010
19.1368750002
19.1400000013
19.1475000006
19.1525000010
19.1568750000
19.1600000001
19.1618750003
19.1650000005
19.1718750001
19.1725000005
19.1775000000
19.1818750035
19.1850000012
19.1868750003
19.1875000002
19.1900000002
19.1975000002
19.2025000000
19.2068750003
19.2100000007
19.2118750001
19.2150000004
19.2225000049
19.2275000005
19.2318750001
19.2350000021
19.2368750002
19.2400000016
19.2475000013
19.2500000001
19.2525000012
19.2568750000
19.2600000010
19.2618750002
19.2650000013
19.2725000006
19.2775000010
19.2818750000
19.2850000001
19.2868750003
19.2900000005
19.2968750001
19.2975000005
19.3025000000
19.3068750035
19.3100000012
19.3118750003
19.3125000002
19.3150000002
19.3225000002
19.3275000000
19.3318750003
19.3350000007
19.3368750001
19.3400000004
19.3475000049
19.3525000005
19.3568750001
19.3600000021
19.3618750002
19.3650000052
19.3725000013
19.3750000001
19.3775000012
19.3818750000
19.3850000010
19.3868750002
19.3900000013
19.3975000006
19.4025000010
19.4068750000
19.4100000001
19.4118750003
19.4150000005
19.4218750001
19.4225000005
19.4275000000
19.4318750035
19.4350000012
19.4368750003
19.4375000002
19.4400000002
19.4475000002
19.4525000000
19.4568750003
19.4600000009
19.4618750001
19.4650000004
19.4725000049
19.4775000005
19.4818750001
19.4850000021
19.4868750002
19.4900000052
19.4975000013
19.5000000001
19.5025000012
19.5068750000
19.5100000010
19.5118750002
19.5150000013
19.5225000006
19.5275000010
19.5318750000
19.5350000001
19.5368750003
19.5400000005
19.5468750001
19.5475000005
19.5525000000
19.5568750035
19.5600000012
19.5618750003
19.5625000002
19.5650000002
19.5725000002
19.5775000000
19.5818750003
19.5850000009
19.5868750001
19.5900000004
19.5975000049
19.6025000005
19.6068750001
19.6100000021
19.6118750002
19.6150000052
19.6225000013
19.6250000001
19.6275000012
19.6318750000
19.6350000010
19.6368750002
19.6400000013
19.6475000006
19.6525000010
19.6568750000
19.6600000001
19.6618750003
19.6650000005
19.6718750001
19.6725000005
19.6775000000
19.6818750035
19.6850000012
19.6868750003
19.6875000002
19.6900000002
19.6975000002
19.7025000000
19.7068750003
19.7100000007
19.7118750001
19.7150000004
19.7225000049
19.7275000005
19.7318750001
19.7350000021
19.7368750002
19.7400000052
19.7475000013
19.7500000001
19.7525000012
19.7568750000
19.7600000010
19.7618750002
19.7650000013
19.7725000006
19.7775000010
19.7818750000
19.7850000001
19.7868750003
19.7900000005
19.7968750001
19.7975000005
19.8025000000
19.8068750035
19.8100000012
19.8118750003
19.8125000002
19.8150000002
19.8225000002
19.8275000000
19.8318750003
19.8350000009
19.8368750001
19.8400000004
19.8475000049
19.8525000005
19.8568750001
19.8600000021
19.8618750002
19.8650000052
19.8725000013
19.8750000001
19.8775000012
19.8818750000
19.8850000010
19.8868750002
19.8900000013
19.8975000006
19.9025000010
19.9068750000
19.9100000039
19.9118750003
19.9150000005
19.9218750001
19.9225000005
19.9275000000
19.9318750035
19.9350000012
19.9368750003
19.9375000002
19.9400000002
19.9475000002
19.9525000000
19.9568750003
19.9600000009
19.9618750001
19.9650000004
19.9725000049
19.9775000005
19.9818750001
19.9850000021
19.9868750002
19.9900000052
19.9975000013
20.0000000001
20.0025000012
20.0068750000
20.0100000010
20.0118750002
20.0150000013
20.0225000006
20.0275000010
20.0318750000
20.0350000039
20.0368750003
20.0400000005
20.0468750001
20.0475000005
20.0525000000
20.0568750035
20.0600000012
20.0618750003
20.0625000002
20.0650000002
20.0725000002
20.0775000000
20.0818750003
20.0850000009
20.0868750001
20.0900000004
20.0975000049
20.1025000005
20.1068750001
20.1100000021
20.1118750002
20.1150000052
20.1225000013
20.1250000001
20.1275000012
20.1318750000
20.1350000010
20.1368750002
20.1400000013
20.1475000006
20.1525000010
20.1568750000
20.1600000001
20.1618750003
20.1650000005
20.1718750001
20.1725000005
20.1775000000
20.1818750035
20.1850000012
20.1868750003
20.1875000002
20.1900000002
20.1975000002
20.2025000000
20.2068750003
20.2100000009
20.2118750001
20.2150000004
20.2225000049
20.2275000005
20.2318750001
20.2350000021
20.2368750002
20.2400000052
20.2475000013
20.2500000001
20.2525000012
20.2568750000
20.2600000010
20.2618750002
20.2650000013
20.2725000006
20.2775000010
20.2818750000
20.2850000039
20.2868750003
20.2900000005
20.2968750001
20.2975000005
20.3025000000
20.3068750035
20.3100000012
20.3118750003
20.3125000002
20.3150000002
20.3225000002
20.3275000000
20.3318750003
20.3350000009
20.3368750001
20.3400000052
20.3475000049
20.3525000005
20.3568750001
20.3600000021
20.3618750002
20.3650000052
20.3725000013
20.3750000001
20.3775000012
20.3818750000
20.3850000010
20.3868750002
20.3900000013
20.3975000006
20.4025000010
20.4068750000
20.4100000039
20.4118750003
20.4150000005
20.4218750001
20.4225000005
20.4275000000
20.4318750035
20.4350000012
20.4368750003
20.4375000002
20.4400000002
20.4475000002
20.4525000000
20.4568750003
20.4600000009
20.4618750001
20.4650000052
20.4725000049
20.4775000005
20.4818750001
20.4850000021
20.4868750002
20.4900000052
20.4975000013
20.5000000001
20.5025000012
20.5068750000
20.5100000010
20.5118750002
20.5150000013
20.5225000006
20.5275000010
20.5318750000
20.5350000039
20.5368750003
20.5400000005
20.5468750001
20.5475000005
20.5525000000
20.5568750035
20.5600000012
20.5618750003
20.5625000002
20.5650000002
20.5725000002
20.5775000000
20.5818750003
20.5850000009
20.5868750001
20.5900000004
20.5975000049
20.6025000005
20.6068750001
20.6100000021
20.6118750002
20.6150000052
20.6225000013
20.6250000001
20.6275000012
20.6318750000
20.6350000010
20.6368750002
20.6400000013
20.6475000006
20.6525000010
20.6568750000
20.6600000039
20.6618750003
20.6650000005
20.6718750001
20.6725000005
20.6775000000
20.6818750035
20.6850000012
20.6868750003
20.6875000002
20.6900000002
20.6975000011
20.7025000000
20.7068750003
20.7100000009
20.7118750001
20.7150000052
20.7225000049
20.7275000005
20.7318750001
20.7350000021
20.7368750002
20.7400000052
20.7475000013
20.7500000001
20.7525000012
20.7568750000
20.7600000010
20.7618750002
20.7650000013
20.7725000006
20.7775000010
20.7818750000
20.7850000039
20.7868750003
20.7900000005
20.7968750001
20.7975000005
20.8025000000
20.8068750035
20.8100000012
20.8118750003
20.8125000002
20.8150000002
20.8225000002
20.8275000000
20.8318750003
20.8350000009
20.8368750001
20.8400000052
20.8475000049
20.8525000005
20.8568750001
20.8600000021
20.8618750002
20.8650000052
20.8725000013
20.8750000001
20.8775000012
20.8818750000
20.8850000010
20.8868750002
20.8900000013
20.8975000006
20.9025000010
20.9068750000
20.9100000039
20.9118750003
20.9150000005
20.9218750001
20.9225000005
20.9275000000
20.9318750035
20.9350000012
20.9368750003
20.9375000002
20.9400000002
20.9475000002
20.9525000000
20.9568750003
20.9600000009
20.9618750001
20.9650000052
20.9725000049
20.9775000005
20.9818750003
20.9850000021
20.9868750002
20.9900000052
20.9975000013
21.0000000001
21.0025000012
21.0068750000
21.0100000010
21.0118750002
21.0150000013
21.0225000006
21.0275000010
21.0318750000
21.0350000039
21.0368750003
21.0400000005
21.0468750001
21.0475000005
21.0525000000
21.0568750035
21.0600000012
21.0618750003
21.0625000002
21.0650000002
21.0725000011
21.0775000001
21.0818750003
21.0850000009
21.0868750001
21.0900000052
21.0975000049
21.1025000005
21.1068750001
21.1100000021
21.1118750002
21.1150000052
21.1225000013
21.1250000001
21.1275000012
21.1318750000
21.1350000010
21.1368750002
21.1400000013
21.1475000006
21.1525000010
21.1568750000
21.1600000039
21.1618750003
21.1650000005
21.1718750001
21.1725000005
21.1775000000
21.1818750035
21.1850000012
21.1868750003
21.1875000002
21.1900000002
21.1975000011
21.2025000000
21.2068750003
21.2100000009
21.2118750001
21.2150000052
21.2225000049
21.2275000005
21.2318750003
21.2350000021
21.2368750002
21.2400000052
21.2475000013
21.2500000001
21.2525000012
21.2568750000
21.2600000010
21.2618750002
21.2650000013
21.2725000006
21.2775000010
21.2818750000
21.2850000039
21.2868750003
21.2900000005
21.2968750001
21.2975000005
21.3025000000
21.3068750035
21.3100000012
21.3118750003
21.3125000002
21.3150000002
21.3225000011
21.3275000000
21.3318750003
21.3350000009
21.3368750001
21.3400000052
21.3475000049
21.3525000005
21.3568750026
21.3600000021
21.3618750002
21.3650000052
21.3725000013
21.3750000001
21.3775000012
21.3818750000
21.3850000010
21.3868750002
21.3900000013
21.3975000006
21.4025000010
21.4068750000
21.4100000039
21.4118750003
21.4150000005
21.4218750001
21.4225000005
21.4275000000
21.4318750035
21.4350000012
21.4368750003
21.4375000002
21.4400000002
21.4475000011
21.4525000001
21.4568750003
21.4600000009
21.4618750001
21.4650000052
21.4725000049
21.4775000005
21.4818750003
21.4850000021
21.4868750002
21.4900000052
21.4975000013
21.5000000001
21.5025000012
21.5068750000
21.5100000018
21.5118750002
21.5150000013
21.5225000006
21.5275000010
21.5318750000
21.5350000039
21.5368750003
21.5400000005
21.5468750001
21.5475000005
21.5525000000
21.5568750035
21.5600000012
21.5618750003
21.5625000002
21.5650000002
21.5725000011
21.5775000001
21.5818750003
21.5850000009
21.5868750001
21.5900000052
21.5975000049
21.6025000005
21.6068750026
21.6100000021
21.6118750002
21.6150000052
21.6225000013
21.6250000001
21.6275000012
21.6318750000
21.6350000018
21.6368750002
21.6400000013
21.6475000006
21.6525000010
21.6568750000
21.6600000039
21.6618750003
21.6650000005
21.6718750001
21.6725000005
21.6775000000
21.6818750035
21.6850000012
21.6868750003
21.6875000002
21.6900000002
21.6975000011
21.7025000001
21.7068750003
21.7100000009
21.7118750001
21.7150000052
21.7225000049
21.7275000005
21.7318750026
21.7350000021
21.7368750002
21.7400000052
21.7475000013
21.7500000001
21.7525000012
21.7568750000
21.7600000010
21.7618750002
21.7650000013
21.7725000006
21.7775000010
21.7818750000
21.7850000039
21.7868750003
21.7900000005
21.7968750001
21.7975000005
21.8025000000
21.8068750035
21.8100000012
21.8118750003
21.8125000002
21.8150000002
21.8225000011
21.8275000001
21.8318750003
21.8350000009
21.8368750001
21.8400000052
21.8475000049
21.8525000005
21.8568750026
21.8600000042
21.8618750002
21.8650000052
21.8725000013
21.8750000001
21.8775000012
21.8818750000
21.8850000018
21.8868750002
21.8900000013
21.8975000006
21.9025000010
21.9068750000
21.9100000039
21.9118750003
21.9150000005
21.9218750001
21.9225000005
21.9275000000
21.9318750035
21.9350000012
21.9368750003
21.9375000002
21.9400000002
21.9475000011
21.9525000001
21.9568750003
21.9600000009
21.9618750001
21.9650000052
21.9725000049
21.9775000005
21.9818750026
21.9850000042
21.9868750002
21.9900000052
21.9975000013
22.0000000001
22.0025000012
22.0068750000
22.0100000018
22.0118750002
22.0150000013
22.0225000006
22.0275000010
22.0318750000
22.0350000039
22.0368750003
22.0400000005
22.0468750001
22.0475000005
22.0525000000
22.0568750035
22.0600000012
22.0618750003
22.0625000002
22.0650000002
22.0725000011
22.0775000001
22.0818750003
22.0850000009
22.0868750001
22.0900000052
22.0975000049
22.1025000005
22.1068750026
22.1100000021
22.1118750002
22.1150000052
22.1225000013
22.1250000001
22.1275000012
22.1318750000
22.1350000018
22.1368750002
22.1400000013
22.1475000006
22.1525000010
22.1568750000
22.1600000039
22.1618750003
22.1650000005
22.1718750001
22.1725000005
22.1775000000
22.1818750035
22.1850000012
22.1868750003
22.1875000002
22.1900000017
22.1975000011
22.2025000001
22.2068750004
22.2100000009
22.2118750001
22.2150000052
22.2225000049
22.2275000005
22.2318750026
22.2350000042
22.2368750002
22.2400000052
22.2475000013
22.2500000001
22.2525000012
22.2568750000
22.2600000018
22.2618750002
22.2650000013
22.2725000006
22.2775000010
22.2818750000
22.2850000039
22.2868750003
22.2900000005
22.2968750001
22.2975000005
22.3025000000
22.3068750035
22.3100000012
22.3118750003
22.3125000002
22.3150000017
22.3225000011
22.3275000001
22.3318750003
22.3350000009
22.3368750001
22.3400000052
22.3475000049
22.3525000005
22.3568750026
22.3600000042
22.3618750005
22.3650000052
22.3725000013
22.3750000001
22.3775000012
22.3818750000
22.3850000018
22.3868750002
22.3900000013
22.3975000076
22.4025000010
22.4068750000
22.4100000039
22.4118750003
22.4150000005
22.4218750001
22.4225000005
22.4275000000
22.4318750035
22.4350000012
22.4368750003
22.4375000002
22.4400000002
22.4475000011
22.4525000001
22.4568750004
22.4600000009
22.4618750001
22.4650000052
22.4725000049
22.4775000005
22.4818750026
22.4850000042
22.4868750002
22.4900000052
22.4975000013
22.5000000001
22.5025000012
22.5068750000
22.5100000018
22.5118750002
22.5150000013
22.5225000006
22.5275000010
22.5318750000
22.5350000039
22.5368750003
22.5400000005
22.5468750001
22.5475000005
22.5525000000
22.5568750035
22.5600000012
22.5618750003
22.5625000002
22.5650000017
22.5725000011
22.5775000001
22.5818750004
22.5850000009
22.5868750001
22.5900000052
22.5975000049
22.6025000005
22.6068750026
22.6100000042
22.6118750005
22.6150000052
22.6225000013
22.6250000001
22.6275000012
22.6318750000
22.6350000018
22.6368750002
22.6400000013
22.6475000006
22.6525000010
22.6568750000
22.6600000039
22.6618750003
22.6650000005
22.6718750001
22.6725000005
22.6775000002
22.6818750035
22.6850000012
22.6868750003
22.6875000002
22.6900000017
22.6975000011
22.7025000001
22.7068750004
22.7100000009
22.7118750001
22.7150000052
22.7225000049
22.7275000005
22.7318750026
22.7350000042
22.7368750005
22.7400000052
22.7475000013
22.7500000001
22.7525000012
22.7568750000
22.7600000018
22.7618750002
22.7650000013
22.7725000076
22.7775000010
22.7818750000
22.7850000039
22.7868750003
22.7900000005
22.7968750001
22.7975000005
22.8025000000
22.8068750035
22.8100000012
22.8118750003
22.8125000002
22.8150000017
22.8225000011
22.8275000001
22.8318750004
22.8350000009
22.8368750001
22.8400000052
22.8475000049
22.8525000005
22.8568750026
22.8600000042
22.8618750005
22.8650000052
22.8725000013
22.8750000001
22.8775000012
22.8818750000
22.8850000018
22.8868750002
22.8900000013
22.8975000076
22.9025000010
22.9068750000
22.9100000039
22.9118750003
22.9150000005
22.9218750001
22.9225000005
22.9275000000
22.9318750035
22.9350000012
22.9368750003
22.9375000007
22.9400000017
22.9475000011
22.9525000001
22.9568750004
22.9600000009
22.9618750001
22.9650000052
22.9725000049
22.9775000005
22.9818750026
22.9850000042
22.9868750005
22.9900000052
22.9975000013
23.0000000001
23.0025000012
23.0068750000
23.0100000018
23.0118750002
23.0150000013
23.0225000076
23.0275000010
23.0318750000
23.0350000039
23.0368750003
23.0400000005
23.0468750001
23.0475000005
23.0525000002
23.0568750035
23.0600000012
23.0618750003
23.0625000002
23.0650000017
23.0725000011
23.0775000001
23.0818750004
23.0850000009
23.0868750001
23.0900000052
23.0975000049
23.1025000005
23.1068750026
23.1100000042
23.1118750005
23.1150000052
23.1225000013
23.1250000001
23.1275000012
23.1318750000
23.1350000018
23.1368750002
23.1400000013
23.1475000076
23.1525000010
23.1568750000
23.1600000039
23.1618750003
23.1650000005
23.1718750001
23.1725000005
23.1818750035
23.1850000012
23.1868750003
23.1875000002
23.1900000017
23.1975000011
23.2025000001
23.2068750004
23.2100000009
23.2118750001
23.2150000052
23.2225000049
23.2275000005
23.2318750026
23.2350000042
23.2368750005
23.2400000052
23.2475000013
23.2500000001
23.2525000012
23.2568750000
23.2600000018
23.2618750002
23.2650000013
23.2725000076
23.2775000010
23.2818750000
23.2850000039
23.2868750003
23.2900000005
23.2968750001
23.2975000005
23.3025000002
23.3068750035
23.3100000036
23.3118750003
23.3125000007
23.3150000017
23.3225000011
23.3275000001
23.3318750004
23.3350000009
23.3368750001
23.3400000052
23.3475000049
23.3525000005
23.3568750026
23.3600000042
23.3618750005
23.3650000052
23.3725000013
23.3750000001
23.3775000012
23.3818750000
23.3850000018
23.3868750002
23.3900000013
23.4025000010
23.4068750000
23.4100000039
23.4118750003
23.4150000005
23.4218750038
23.4225000005
23.4275000002
23.4318750035
23.4368750003
23.4375000007
23.4400000017
23.4475000011
23.4525000001
23.4568750004
23.4600000009
23.4618750001
23.4650000052
23.4725000049
23.4775000005
23.4818750026
23.4850000042
23.4868750005
23.4900000052
23.4975000013
23.5000000001
23.5025000012
23.5068750000
23.5100000018
23.5118750002
23.5150000013
23.5225000076
23.5275000010
23.5318750000
23.5350000039
23.5368750003
23.5468750001
23.5475000005
23.5568750035
23.5600000012
23.5618750003
23.5625000007
23.5650000017
23.5725000011
23.5775000001
23.5818750004
23.5850000009
23.5868750001
23.5900000052
23.6025000005
23.6068750026
23.6100000042
23.6118750005
23.6150000052
23.6225000013
23.6250000001
23.6275000012
23.6318750000
23.6350000018
23.6368750062
23.6400000013
23.6475000076
23.6525000010
23.6568750000
23.6600000039
23.6618750003
23.6718750038
23.6725000005
23.6818750035
23.6868750003
23.6875000007
23.6900000017
23.6975000011
23.7025000001
23.7068750004
23.7100000009
23.7118750001
23.7150000052
23.7225000049
23.7275000005
23.7318750026
23.7350000042
23.7368750021
23.7400000052
23.7475000013
23.7500000001
23.7525000012
23.7568750000
23.7600000018
23.7618750002
23.7650000013
23.7818750000
23.7850000039
23.7868750003
23.7900000005
23.7968750038
23.7975000005
23.8068750035
23.8118750003
23.8125000007
23.8150000017
23.8225000011
23.8275000001
23.8318750004
23.8350000009
23.8368750001
23.8400000052
23.8475000049
23.8525000005
23.8568750026
23.8600000042
23.8618750005
23.8650000052
23.8725000013
23.8750000001
23.8775000012
23.8818750000
23.8850000018
23.8868750062
23.8900000013
23.9025000010
23.9068750000
23.9100000039
23.9118750003
23.9218750042
23.9225000005
23.9318750035
23.9368750003
23.9375000061
23.9475000011
23.9525000001
23.9568750004
23.9600000009
23.9618750001
23.9650000052
23.9775000005
23.9818750026
23.9850000042
23.9868750021
23.9900000052
23.9975000013
24.0000000001
24.0025000012
24.0068750000
24.0100000018
24.0118750062
24.0150000013
24.0275000010
24.0318750000
24.0350000039
24.0368750003
24.0468750038
24.0475000005
24.0568750035
24.0618750003
24.0625000007
24.0725000011
24.0818750004
24.0850000009
24.0868750030
24.0900000052
24.1025000005
24.1068750026
24.1118750021
24.1150000052
24.1225000013
24.1250000001
24.1275000012
24.1318750000
24.1350000018
24.1368750062
24.1400000013
24.1568750000
24.1600000039
24.1618750007
24.1718750042
24.1725000005
24.1818750035
24.1868750003
24.1875000007
24.1900000017
24.2025000001
24.2068750004
24.2100000009
24.2118750001
24.2150000052
24.2275000005
24.2318750068
24.2368750021
24.2400000052
24.2475000013
24.2500000001
24.2525000012
24.2568750000
24.2618750062
24.2650000013
24.2818750000
24.2850000039
24.2868750003
24.2968750063
24.3068750035
24.3118750003
24.3125000061
24.3225000011
24.3275000001
24.3318750004
24.3350000009
24.3368750030
24.3400000052
24.3525000005
24.3568750026
24.3600000042
24.3618750021
24.3650000052
24.3725000013
24.3750000001
24.3818750000
24.3868750062
24.4068750000
24.4100000039
24.4218750042
24.4225000005
24.4318750035
24.4368750003
24.4475000011
24.4568750004
24.4600000009
24.4650000052
24.4818750068
24.4868750021
24.4900000052
24.5000000020
24.5025000012
24.5100000018
24.5118750062
24.5318750000
24.5350000039
24.5368750007
24.5468750065
24.5475000005
24.5568750035
24.5618750003
24.5625000061
24.5850000009
24.5868750030
24.6025000005
24.6150000052
24.6225000013
24.6250000020
24.6275000012
24.6318750000
24.6400000013
24.6718750063
24.6875000061
24.7068750004
24.7275000005
24.7368750021
24.7475000013
24.7500000001
24.7618750062
24.7818750000
24.7968750065
24.8068750035
24.8118750003
24.8400000052
24.9100000039
24.9600000009
24.9900000052
25.0000000020
