alpha:1,beta:1,x:[0.0, 0.25, 0.5, 0.75, 1.0],ymin:0,ymax:100,pop:100
0.0032403423
0.0070077605
0.0270961405
0.2531755355
0.2532403423
0.2570077605
0.2765542177
0.5031107286
0.5031755355
0.5032403423
0.5068676053
0.5070077605
0.5260122949
0.5265542177
0.7530459218
0.7531107286
0.7531755355
0.7532403423
0.7568676053
0.7570077605
0.7754703721
0.7760122949
0.7765542177
1.0029811149
1.0030459218
1.0031107286
1.0031755355
1.0032403423
1.0067274501
1.0068676053
1.0070077605
1.0249284493
1.0254703721
1.0260122949
1.0265542177
1.2529163081
1.2529811149
1.2530459218
1.2531107286
1.2531755355
1.2532403423
1.2567274501
1.2568676053
1.2570077605
1.2743865264
1.2749284493
1.2754703721
1.2760122949
1.5028515012
1.5029163081
1.5029811149
1.5030459218
1.5031107286
1.5031755355
1.5032403423
1.5065872949
1.5067274501
1.5068676053
1.5070077605
1.5238446036
1.5243865264
1.5249284493
1.5254703721
1.5260122949
1.7527866944
1.7528515012
1.7529163081
1.7529811149
1.7530459218
1.7531107286
1.7531755355
1.7532403423
1.7565872949
1.7567274501
1.7568676053
1.7570077605
1.7733026808
1.7738446036
1.7743865264
1.7749284493
1.7754703721
1.7760122949
2.0027218875
2.0027866944
2.0028515012
2.0029163081
2.0029811149
2.0030459218
2.0031107286
2.0031755355
2.0032403423
2.0064471397
2.0065872949
2.0067274501
2.0068676053
2.0070077605
2.0227607580
2.0233026808
2.0238446036
2.0243865264
2.0249284493
2.0254703721
2.0260122949
2.2526570807
2.2527218875
2.2527866944
2.2528515012
2.2529163081
2.2529811149
2.2530459218
2.2531107286
2.2531755355
2.2532403423
2.2564471397
2.2565872949
2.2567274501
2.2568676053
2.2570077605
2.2722188352
2.2727607580
2.2733026808
2.2738446036
2.2743865264
2.2749284493
2.2754703721
2.5025922738
2.5026570807
2.5027218875
2.5027866944
2.5028515012
2.5029163081
2.5029811149
2.5030459218
2.5031107286
2.5031755355
2.5032403423
2.5063069845
2.5064471397
2.5065872949
2.5067274501
2.5068676053
2.5070077605
2.5216769124
2.5222188352
2.5227607580
2.5233026808
2.5238446036
2.5243865264
2.5249284493
2.5254703721
2.7525274670
2.7525922738
2.7526570807
2.7527218875
2.7527866944
2.7528515012
2.7529163081
2.7529811149
2.7530459218
2.7531107286
2.7531755355
2.7532403423
2.7563069845
2.7564471397
2.7565872949
2.7567274501
2.7568676053
2.7570077605
2.7711349896
2.7716769124
2.7722188352
2.7727607580
2.7733026808
2.7738446036
2.7743865264
2.7749284493
2.7754703721
3.0024626602
3.0025274670
3.0025922738
3.0026570807
3.0027218875
3.0027866944
3.0028515012
3.0029163081
3.0029811149
3.0030459218
3.0031107286
3.0031755355
3.0032403423
3.0061668292
3.0063069845
3.0064471397
3.0065872949
3.0067274501
3.0068676053
3.0070077605
3.0205930668
3.0211349896
3.0216769124
3.0222188352
3.0227607580
3.0233026808
3.0238446036
3.0243865264
3.0249284493
3.0254703721
3.2523978533
3.2524626602
3.2525274670
3.2525922738
3.2526570807
3.2527218875
3.2527866944
3.2528515012
3.2529163081
3.2529811149
3.2530459218
3.2531107286
3.2531755355
3.2532403423
3.2561668292
3.2563069845
3.2564471397
3.2565872949
3.2567274501
3.2568676053
3.2570077605
3.2700511440
3.2705930668
3.2711349896
3.2716769124
3.2722188352
3.2727607580
3.2733026808
3.2738446036
3.2743865264
3.2749284493
3.5023330465
3.5023978533
3.5024626602
3.5025274670
3.5025922738
3.5026570807
3.5027218875
3.5027866944
3.5028515012
3.5029163081
3.5029811149
3.5030459218
3.5031107286
3.5031755355
3.5032403423
3.5060266740
3.5061668292
3.5063069845
3.5064471397
3.5065872949
3.5067274501
3.5068676053
3.5070077605
3.5195092212
3.5200511440
3.5205930668
3.5211349896
3.5216769124
3.5222188352
3.5227607580
3.5233026808
3.5238446036
3.5243865264
3.5249284493
3.7522682396
3.7523330465
3.7523978533
3.7524626602
3.7525274670
3.7525922738
3.7526570807
3.7527218875
3.7527866944
3.7528515012
3.7529163081
3.7529811149
3.7530459218
3.7531107286
3.7531755355
3.7532403423
3.7560266740
3.7561668292
3.7563069845
3.7564471397
3.7565872949
3.7567274501
3.7568676053
3.7569357586
3.7570077605
3.7689672983
3.7695092212
3.7700511440
3.7705930668
3.7711349896
3.7716769124
3.7722188352
3.7727607580
3.7733026808
3.7738446036
3.7743865264
3.7749284493
4.0022034328
4.0022682396
4.0023330465
4.0023978533
4.0024626602
4.0025274670
4.0025922738
4.0026570807
4.0027218875
4.0027787637
4.0028515012
4.0029163081
4.0029811149
4.0030459218
4.0031107286
4.0031755355
4.0032403423
4.0058865188
4.0060266740
4.0061668292
4.0063069845
4.0064471397
4.0065872949
4.0067274501
4.0068676053
4.0069357586
4.0070077605
4.0184253755
4.0189672983
4.0195092212
4.0200511440
4.0205930668
4.0211349896
4.0216769124
4.0222188352
4.0227607580
4.0233026808
4.0238446036
4.0243865264
4.0249284493
4.2521386259
4.2522034328
4.2522682396
4.2523330465
4.2523978533
4.2524626602
4.2525274670
4.2525922738
4.2526570807
4.2527218875
4.2527787637
4.2528515012
4.2529163081
4.2529811149
4.2530459218
4.2531107286
4.2531755355
4.2532403423
4.2558865188
4.2560266740
4.2561668292
4.2563069845
4.2564471397
4.2565872949
4.2567274501
4.2568676053
4.2569357586
4.2570077605
4.2678834527
4.2684253755
4.2689672983
4.2695092212
4.2700511440
4.2705930668
4.2711349896
4.2716769124
4.2722188352
4.2727607580
4.2733026808
4.2738446036
4.2743865264
4.5020738191
4.5021386259
4.5022034328
4.5022682396
4.5023330465
4.5023978533
4.5024626602
4.5025274670
4.5025922738
4.5026570807
4.5027218875
4.5027787637
4.5028515012
4.5029163081
4.5029811149
4.5030459218
4.5031107286
4.5031755355
4.5032403423
4.5057463636
4.5058865188
4.5060266740
4.5061668292
4.5063069845
4.5064471397
4.5065872949
4.5067274501
4.5068676053
4.5069357586
4.5070077605
4.5173415299
4.5178834527
4.5184253755
4.5189672983
4.5195092212
4.5200511440
4.5205930668
4.5211349896
4.5216769124
4.5222188352
4.5227607580
4.5233026808
4.5238446036
4.5243865264
4.7520090122
4.7520738191
4.7521386259
4.7522034328
4.7522682396
4.7523330465
4.7523978533
4.7524626602
4.7525274670
4.7525922738
4.7526570807
4.7527218875
4.7527787637
4.7528515012
4.7529163081
4.7529811149
4.7530459218
4.7531107286
4.7531755355
4.7532403423
4.7557463636
4.7558865188
4.7560266740
4.7561668292
4.7563069845
4.7564471397
4.7565394296
4.7565872949
4.7567274501
4.7568676053
4.7569357586
4.7570077605
4.7667996071
4.7673415299
4.7678834527
4.7684253755
4.7689672983
4.7695092212
4.7700511440
4.7705930668
4.7711349896
4.7716769124
4.7722188352
4.7727607580
4.7733026808
4.7738446036
4.7743865264
5.0006626134
5.0019442054
5.0020090122
5.0020738191
5.0021386259
5.0022034328
5.0022682396
5.0023330465
5.0023978533
5.0024626602
5.0025274670
5.0025922738
5.0026570807
5.0027218875
5.0027787637
5.0028515012
5.0029163081
5.0029811149
5.0030459218
5.0031107286
5.0031755355
5.0032403423
5.0056062084
5.0057463636
5.0058865188
5.0060266740
5.0061668292
5.0063069845
5.0064471397
5.0065394296
5.0067274501
5.0068676053
5.0069357586
5.0070077605
5.0162576843
5.0167996071
5.0173415299
5.0178834527
5.0184253755
5.0189672983
5.0195092212
5.0200511440
5.0205930668
5.0211349896
5.0216769124
5.0222188352
5.0227607580
5.0233026808
5.0238446036
5.0243865264
5.2506405263
5.2518793985
5.2519442054
5.2520090122
5.2520738191
5.2521386259
5.2522034328
5.2522682396
5.2523330465
5.2523978533
5.2524626602
5.2525274670
5.2525922738
5.2526570807
5.2527218875
5.2527787637
5.2528515012
5.2529163081
5.2529811149
5.2530459218
5.2531107286
5.2531755355
5.2532403423
5.2556062084
5.2557463636
5.2558865188
5.2560266740
5.2561668292
5.2563069845
5.2564471397
5.2565394296
5.2567274501
5.2568676053
5.2569357586
5.2570077605
5.2657157615
5.2662576843
5.2667996071
5.2673415299
5.2678834527
5.2684253755
5.2689672983
5.2695092212
5.2700511440
5.2705930668
5.2711349896
5.2716769124
5.2722188352
5.2727607580
5.2733026808
5.2738446036
5.5006184392
5.5018145917
5.5018793985
5.5019442054
5.5020090122
5.5020738191
5.5021386259
5.5022034328
5.5022682396
5.5023330465
5.5023978533
5.5024626602
5.5025274670
5.5025922738
5.5026570807
5.5027218875
5.5027787637
5.5028515012
5.5029163081
5.5029811149
5.5030459218
5.5031107286
5.5031755355
5.5054660532
5.5055329598
5.5056062084
5.5057463636
5.5058865188
5.5060266740
5.5061668292
5.5063069845
5.5064471397
5.5065394296
5.5067274501
5.5068676053
5.5069357586
5.5070077605
5.5151738387
5.5157157615
5.5162576843
5.5167996071
5.5173415299
5.5178834527
5.5184253755
5.5189672983
5.5195092212
5.5200511440
5.5205930668
5.5211349896
5.5216769124
5.5222188352
5.5227607580
5.5233026808
5.5238446036
5.7505963520
5.7506626134
5.7517497848
5.7518145917
5.7518793985
5.7519442054
5.7520090122
5.7520738191
5.7521386259
5.7522034328
5.7522682396
5.7523330465
5.7523978533
5.7524626602
5.7525274670
5.7525922738
5.7526570807
5.7527218875
5.7527866944
5.7528515012
5.7529163081
5.7529811149
5.7530459218
5.7531107286
5.7531755355
5.7553353541
5.7554660532
5.7556062084
5.7557463636
5.7558865188
5.7560266740
5.7561668292
5.7563069845
5.7564471397
5.7565394296
5.7567274501
5.7568676053
5.7569357586
5.7570077605
5.7646319159
5.7651738387
5.7657157615
5.7662576843
5.7667996071
5.7673415299
5.7678834527
5.7684253755
5.7689672983
5.7695092212
5.7700511440
5.7705930668
5.7711349896
5.7716769124
5.7722188352
5.7727607580
5.7733026808
5.7738446036
6.0005742649
6.0006405263
6.0016849780
6.0017497848
6.0018145917
6.0018793985
6.0019442054
6.0020090122
6.0020738191
6.0021386259
6.0022034328
6.0022682396
6.0023330465
6.0023978533
6.0024626602
6.0025274670
6.0025922738
6.0026570807
6.0027218875
6.0027866944
6.0028515012
6.0029163081
6.0029811149
6.0030459218
6.0031107286
6.0031755355
6.0051377484
6.0053258980
6.0054660532
6.0056062084
6.0057463636
6.0058865188
6.0060266740
6.0061431005
6.0063069845
6.0064471397
6.0065394296
6.0067274501
6.0068676053
6.0069357586
6.0070077605
6.0140899931
6.0146319159
6.0151738387
6.0157157615
6.0162576843
6.0167996071
6.0173415299
6.0178834527
6.0184253755
6.0189672983
6.0195092212
6.0200511440
6.0205930668
6.0211349896
6.0216769124
6.0222188352
6.0227607580
6.0233026808
6.0238446036
6.2505521778
6.2506184392
6.2516201712
6.2516849780
6.2517497848
6.2518145917
6.2518793985
6.2519442054
6.2520090122
6.2520738191
6.2521386259
6.2522034328
6.2522682396
6.2523330465
6.2523978533
6.2524626602
6.2525274670
6.2525922738
6.2526570807
6.2527218875
6.2527866944
6.2528515012
6.2529163081
6.2529811149
6.2530459218
6.2531107286
6.2531755355
6.2549401427
6.2551377484
6.2553258980
6.2554660532
6.2556062084
6.2557463636
6.2558865188
6.2560266740
6.2561431005
6.2563069845
6.2564471397
6.2565394296
6.2567274501
6.2568676053
6.2569357586
6.2570077605
6.2635480702
6.2640899931
6.2646319159
6.2651738387
6.2657157615
6.2662576843
6.2667996071
6.2673415299
6.2678834527
6.2684253755
6.2689672983
6.2695092212
6.2700511440
6.2705930668
6.2711349896
6.2716769124
6.2722188352
6.2727607580
6.2733026808
6.5005300907
6.5005963520
6.5006626134
6.5015553643
6.5016849780
6.5018145917
6.5019442054
6.5020738191
6.5022034328
6.5023330465
6.5024453121
6.5025274670
6.5026120379
6.5027218875
6.5028515012
6.5029811149
6.5031107286
6.5047425370
6.5049401427
6.5051377484
6.5053258980
6.5054660532
6.5056062084
6.5057463636
6.5058865188
6.5060266740
6.5061431005
6.5063069845
6.5064471397
6.5065394296
6.5067274501
6.5068676053
6.5069357586
6.5070077605
6.5130061474
6.5135480702
6.5140899931
6.5146319159
6.5151738387
6.5157157615
6.5162576843
6.5167996071
6.5173415299
6.5178834527
6.5184253755
6.5189672983
6.5195092212
6.5200511440
6.5205930668
6.5211349896
6.5216769124
6.5222188352
6.5227607580
6.5233026808
6.7505080036
6.7505963520
6.7514905575
6.7516201712
6.7517497848
6.7518793985
6.7520090122
6.7521386259
6.7522682396
6.7523978533
6.7525008873
6.7525922738
6.7526676132
6.7527787637
6.7528515012
6.7529811149
6.7531107286
6.7545449313
6.7547425370
6.7549401427
6.7551377484
6.7553258980
6.7554660532
6.7556062084
6.7557463636
6.7558865188
6.7560266740
6.7561431005
6.7563069845
6.7564471397
6.7565394296
6.7567274501
6.7568676053
6.7569357586
6.7570077605
6.7624642246
6.7630061474
6.7635480702
6.7640899931
6.7646319159
6.7651738387
6.7657157615
6.7662576843
6.7667996071
6.7673415299
6.7678834527
6.7684253755
6.7689672983
6.7695092212
6.7700511440
6.7705930668
6.7711349896
6.7716769124
6.7722188352
6.7727607580
6.7733026808
7.0004859165
7.0005742649
7.0006626134
7.0014257506
7.0015553643
7.0016849780
7.0018145917
7.0019442054
7.0020738191
7.0022034328
7.0023330465
7.0024453121
7.0025274670
7.0026120379
7.0027218875
7.0028515012
7.0029811149
7.0031107286
7.0043473256
7.0045449313
7.0047425370
7.0049401427
7.0050455876
7.0051377484
7.0053258980
7.0054660532
7.0056062084
7.0057463636
7.0058865188
7.0060266740
7.0061431005
7.0063069845
7.0064471397
7.0065394296
7.0067274501
7.0068676053
7.0070077605
7.0119223018
7.0124642246
7.0130061474
7.0135480702
7.0140899931
7.0146319159
7.0151738387
7.0157157615
7.0162576843
7.0167996071
7.0173415299
7.0178834527
7.0184253755
7.0189672983
7.0195092212
7.0200511440
7.0205930668
7.0211349896
7.0216769124
7.0222188352
7.0227607580
7.0233026808
7.2504638294
7.2505521778
7.2506405263
7.2513609438
7.2514905575
7.2516201712
7.2517497848
7.2518793985
7.2520090122
7.2521386259
7.2522682396
7.2523897368
7.2524626602
7.2525564626
7.2526570807
7.2527787637
7.2528515012
7.2529811149
7.2531107286
7.2541497199
7.2543473256
7.2545449313
7.2547425370
7.2549401427
7.2550455876
7.2551377484
7.2553258980
7.2554660532
7.2556062084
7.2557463636
7.2558865188
7.2560266740
7.2561431005
7.2563069845
7.2564471397
7.2565394296
7.2567274501
7.2568676053
7.2613803790
7.2619223018
7.2624642246
7.2630061474
7.2635480702
7.2640899931
7.2646319159
7.2651738387
7.2657157615
7.2662576843
7.2667996071
7.2673415299
7.2678834527
7.2684253755
7.2689672983
7.2695092212
7.2700511440
7.2705930668
7.2711349896
7.2716769124
7.2722188352
7.2727607580
7.5004417423
7.5005300907
7.5006184392
7.5012961369
7.5014257506
7.5015553643
7.5016849780
7.5018145917
7.5019442054
7.5020738191
7.5022034328
7.5023330465
7.5024453121
7.5025274670
7.5026120379
7.5027218875
7.5028515012
7.5029811149
7.5039521142
7.5041497199
7.5043473256
7.5045449313
7.5047425370
7.5049054324
7.5050455876
7.5051377484
7.5053258980
7.5054660532
7.5056062084
7.5057463636
7.5058865188
7.5060266740
7.5061431005
7.5063069845
7.5064471397
7.5065394296
7.5067274501
7.5068676053
7.5108384562
7.5113803790
7.5119223018
7.5124642246
7.5130061474
7.5135480702
7.5140899931
7.5146319159
7.5151738387
7.5157157615
7.5162576843
7.5167996071
7.5173415299
7.5178834527
7.5184253755
7.5189672983
7.5195092212
7.5200511440
7.5205930668
7.5211349896
7.5216769124
7.5222188352
7.5227607580
7.7504196551
7.7505080036
7.7505963520
7.7512313301
7.7513609438
7.7514905575
7.7516201712
7.7517497848
7.7518793985
7.7520090122
7.7521386259
7.7522682396
7.7523897368
7.7525008873
7.7525922738
7.7527218875
7.7528515012
7.7529811149
7.7537545085
7.7539521142
7.7541497199
7.7543473256
7.7545449313
7.7547425370
7.7549054324
7.7550455876
7.7551377484
7.7553258980
7.7554660532
7.7556062084
7.7557463636
7.7558865188
7.7560266740
7.7561431005
7.7563069845
7.7564471397
7.7565394296
7.7567274501
7.7568676053
7.7602965334
7.7608384562
7.7613803790
7.7619223018
7.7624642246
7.7630061474
7.7635480702
7.7640899931
7.7646319159
7.7651738387
7.7657157615
7.7662576843
7.7667996071
7.7673415299
7.7678834527
7.7684253755
7.7689672983
7.7695092212
7.7700511440
7.7705930668
7.7711349896
7.7716769124
7.7722188352
7.7727607580
8.0003975680
8.0004859165
8.0005742649
8.0006626134
8.0011665232
8.0012961369
8.0014257506
8.0015553643
8.0016849780
8.0018145917
8.0019442054
8.0020738191
8.0022034328
8.0023330465
8.0024453121
8.0025274670
8.0026120379
8.0027218875
8.0028515012
8.0029811149
8.0035569027
8.0037545085
8.0039521142
8.0041497199
8.0043473256
8.0045449313
8.0047425370
8.0049054324
8.0050455876
8.0051377484
8.0053258980
8.0054660532
8.0055486069
8.0057463636
8.0058865188
8.0060266740
8.0061431005
8.0063069845
8.0064471397
8.0065394296
8.0067274501
8.0068676053
8.0097546106
8.0102965334
8.0108384562
8.0113803790
8.0119223018
8.0124642246
8.0130061474
8.0135480702
8.0140899931
8.0146319159
8.0151738387
8.0157157615
8.0162576843
8.0167996071
8.0173415299
8.0178834527
8.0184253755
8.0189672983
8.0195092212
8.0200511440
8.0205930668
8.0211349896
8.0216769124
8.0222188352
8.0227607580
8.2503754809
8.2504638294
8.2505521778
8.2506405263
8.2511017164
8.2512313301
8.2513609438
8.2514905575
8.2516201712
8.2517497848
8.2518793985
8.2520090122
8.2521386259
8.2522230110
8.2523330465
8.2524453121
8.2525564626
8.2526570807
8.2527787637
8.2529163081
8.2533592970
8.2535569027
8.2537545085
8.2539521142
8.2541497199
8.2543473256
8.2545449313
8.2547425370
8.2549054324
8.2550455876
8.2551377484
8.2553258980
8.2554660532
8.2556062084
8.2557463636
8.2558865188
8.2560266740
8.2561431005
8.2563069845
8.2564471397
8.2565394296
8.2567274501
8.2592126878
8.2597546106
8.2602965334
8.2608384562
8.2613803790
8.2619223018
8.2624642246
8.2630061474
8.2635480702
8.2640899931
8.2646319159
8.2651738387
8.2657157615
8.2662576843
8.2667996071
8.2673415299
8.2678834527
8.2684253755
8.2689672983
8.2695092212
8.2700511440
8.2705930668
8.2711349896
8.2716769124
8.2722188352
8.5003533938
8.5004417423
8.5005300907
8.5006184392
8.5011017164
8.5012313301
8.5013609438
8.5014905575
8.5016201712
8.5017497848
8.5018793985
8.5020090122
8.5021386259
8.5022682396
8.5023897368
8.5025008873
8.5025922738
8.5027218875
8.5028515012
8.5029811149
8.5031616913
8.5033592970
8.5035569027
8.5037545085
8.5039521142
8.5041497199
8.5043473256
8.5045449313
8.5047425370
8.5049054324
8.5050455876
8.5051857428
8.5053258980
8.5054660532
8.5056062084
8.5057463636
8.5058865188
8.5060266740
8.5061431005
8.5063069845
8.5064471397
8.5065394296
8.5067274501
8.5086707650
8.5092126878
8.5097546106
8.5102965334
8.5108384562
8.5113803790
8.5119223018
8.5124642246
8.5130061474
8.5135480702
8.5140899931
8.5146319159
8.5151738387
8.5157157615
8.5162576843
8.5167996071
8.5173415299
8.5178834527
8.5184253755
8.5189672983
8.5195092212
8.5200511440
8.5205930668
8.5211349896
8.5216769124
8.5222188352
8.7503313067
8.7504196551
8.7505080036
8.7505963520
8.7511017164
8.7512313301
8.7513609438
8.7514905575
8.7516201712
8.7517497848
8.7518793985
8.7520090122
8.7521386259
8.7522682396
8.7523897368
8.7525008873
8.7525922738
8.7527218875
8.7528515012
8.7529640856
8.7531616913
8.7533592970
8.7535569027
8.7537545085
8.7539521142
8.7541497199
8.7543473256
8.7545449313
8.7547425370
8.7549054324
8.7550455876
8.7551857428
8.7553258980
8.7554660532
8.7556062084
8.7557463636
8.7558865188
8.7560266740
8.7561431005
8.7563069845
8.7564471397
8.7565394296
8.7567274501
8.7581288421
8.7586707650
8.7592126878
8.7597546106
8.7602965334
8.7608384562
8.7613803790
8.7619223018
8.7624642246
8.7630061474
8.7635480702
8.7640899931
8.7646319159
8.7651738387
8.7657157615
8.7662576843
8.7667996071
8.7673415299
8.7678834527
8.7684253755
8.7689672983
8.7695092212
8.7700511440
8.7705930668
8.7711349896
8.7716769124
8.7722188352
9.0003092196
9.0004196551
9.0005300907
9.0006405263
9.0010369095
9.0011665232
9.0012961369
9.0014257506
9.0015553643
9.0016849780
9.0018145917
9.0019442054
9.0020738191
9.0021674357
9.0022682396
9.0023897368
9.0025008873
9.0025922738
9.0027218875
9.0028515012
9.0029640856
9.0031616913
9.0033592970
9.0035569027
9.0037545085
9.0039521142
9.0041497199
9.0043473256
9.0044849667
9.0046251219
9.0047425370
9.0049054324
9.0050455876
9.0051857428
9.0053258980
9.0054660532
9.0056062084
9.0057463636
9.0058865188
9.0060266740
9.0061431005
9.0063069845
9.0064471397
9.0065394296
9.0067274501
9.0075869193
9.0081288421
9.0086707650
9.0092126878
9.0097546106
9.0102965334
9.0108384562
9.0113803790
9.0119223018
9.0124642246
9.0130061474
9.0135480702
9.0140899931
9.0146319159
9.0151738387
9.0157157615
9.0162576843
9.0167996071
9.0173415299
9.0178834527
9.0184253755
9.0189672983
9.0195092212
9.0200511440
9.0205930668
9.0211349896
9.0216769124
9.0222188352
9.2502871325
9.2503975680
9.2505010989
9.2505963520
9.2510369095
9.2511665232
9.2512961369
9.2514257506
9.2515553643
9.2516849780
9.2518145917
9.2519442054
9.2520738191
9.2521674357
9.2522682396
9.2523897368
9.2525008873
9.2526120379
9.2527218875
9.2528515012
9.2529640856
9.2531616913
9.2533592970
9.2535569027
9.2537545085
9.2539521142
9.2541497199
9.2543473256
9.2544849667
9.2546251219
9.2547425370
9.2549054324
9.2550455876
9.2551522778
9.2553258980
9.2554660532
9.2556062084
9.2557463636
9.2558865188
9.2560266740
9.2561431005
9.2563069845
9.2564471397
9.2565872949
9.2570449965
9.2575869193
9.2581288421
9.2586707650
9.2592126878
9.2597546106
9.2602965334
9.2608384562
9.2613803790
9.2619223018
9.2624642246
9.2630061474
9.2635480702
9.2640899931
9.2646319159
9.2651738387
9.2657157615
9.2662576843
9.2667996071
9.2673415299
9.2678834527
9.2684253755
9.2689672983
9.2695092212
9.2700511440
9.2705930668
9.2711349896
9.2716769124
9.5002650454
9.5003754809
9.5004859165
9.5005963520
9.5010369095
9.5011665232
9.5012961369
9.5014257506
9.5015553643
9.5016849780
9.5018145917
9.5019442054
9.5020562852
9.5021674357
9.5022682396
9.5023712685
9.5025008873
9.5026120379
9.5027218875
9.5028515012
9.5029640856
9.5031616913
9.5033592970
9.5035569027
9.5037545085
9.5039521142
9.5041497199
9.5043448115
9.5044849667
9.5046251219
9.5047425370
9.5049054324
9.5050455876
9.5051522778
9.5053258980
9.5054660532
9.5056062084
9.5057463636
9.5058865188
9.5060266740
9.5061431005
9.5063069845
9.5064471397
9.5065872949
9.5070449965
9.5075869193
9.5081288421
9.5086707650
9.5092126878
9.5097546106
9.5102965334
9.5108384562
9.5113803790
9.5119223018
9.5124642246
9.5130061474
9.5135480702
9.5140899931
9.5146319159
9.5151738387
9.5157157615
9.5162576843
9.5167996071
9.5173415299
9.5178834527
9.5184253755
9.5189672983
9.5195092212
9.5200511440
9.5205930668
9.5211349896
9.5216769124
9.7502650454
9.7503754809
9.7504859165
9.7505963520
9.7510369095
9.7511665232
9.7512961369
9.7514257506
9.7515553643
9.7516849780
9.7518145917
9.7519442054
9.7520562852
9.7521674357
9.7522682396
9.7523712685
9.7525008873
9.7526120379
9.7527218875
9.7528515012
9.7529640856
9.7531616913
9.7533592970
9.7535569027
9.7537545085
9.7539521142
9.7541497199
9.7543448115
9.7544849667
9.7546251219
9.7547425370
9.7549054324
9.7550455876
9.7551522778
9.7553258980
9.7554660532
9.7556062084
9.7557463636
9.7558865188
9.7560266740
9.7561431005
9.7563069845
9.7564471397
9.7570449965
9.7575869193
9.7581288421
9.7586707650
9.7592126878
9.7597546106
9.7602965334
9.7608384562
9.7613803790
9.7619223018
9.7624642246
9.7630061474
9.7635480702
9.7640899931
9.7646319159
9.7651738387
9.7657157615
9.7662576843
9.7667996071
9.7673415299
9.7678834527
9.7684253755
9.7689672983
9.7695092212
9.7700511440
9.7705930668
9.7711349896
9.7716769124
10.0002650454
10.0003754809
10.0004859165
10.0005963520
10.0009721027
10.0011017164
10.0012313301
10.0013609438
10.0014905575
10.0016201712
10.0017497848
10.0018793985
10.0020007099
10.0021118604
10.0022230110
10.0023330465
10.0024453121
10.0025564626
10.0026570807
10.0027664799
10.0029640856
10.0031616913
10.0033592970
10.0035569027
10.0037545085
10.0039521142
10.0041497199
10.0043448115
10.0044849667
10.0046251219
10.0047425370
10.0049054324
10.0050455876
10.0051522778
10.0053258980
10.0054660532
10.0056062084
10.0057463636
10.0058865188
10.0060266740
10.0061431005
10.0063069845
10.0064471397
10.0070449965
10.0075869193
10.0081288421
10.0086707650
10.0092126878
10.0097546106
10.0102965334
10.0108384562
10.0113803790
10.0119223018
10.0124642246
10.0130061474
10.0135480702
10.0140899931
10.0146319159
10.0151738387
10.0157157615
10.0162576843
10.0167996071
10.0173415299
10.0178834527
10.0184253755
10.0189672983
10.0195092212
10.0200511440
10.0205930668
10.0211349896
10.0216769124
10.2502650454
10.2503754809
10.2504859165
10.2505963520
10.2509721027
10.2511017164
10.2512313301
10.2513609438
10.2514905575
10.2516201712
10.2517497848
10.2518793985
10.2520007099
10.2521118604
10.2522230110
10.2523330465
10.2524453121
10.2525564626
10.2526676132
10.2527866944
10.2529640856
10.2531616913
10.2533592970
10.2535569027
10.2537545085
10.2539521142
10.2541497199
10.2543448115
10.2544849667
10.2546251219
10.2547425370
10.2548773053
10.2550455876
10.2551522778
10.2553258980
10.2554660532
10.2556062084
10.2557463636
10.2558865188
10.2560266740
10.2561431005
10.2563069845
10.2564471397
10.2570449965
10.2575869193
10.2581288421
10.2586707650
10.2592126878
10.2597546106
10.2602965334
10.2608384562
10.2613803790
10.2619223018
10.2624642246
10.2630061474
10.2635480702
10.2640899931
10.2646319159
10.2651738387
10.2657157615
10.2662576843
10.2667996071
10.2673415299
10.2678834527
10.2684253755
10.2689672983
10.2695092212
10.2700511440
10.2705930668
10.2711349896
10.5002505495
10.5003754809
10.5004859165
10.5005963520
10.5008956264
10.5010075796
10.5011665232
10.5012961369
10.5014257506
10.5015553643
10.5016849780
10.5018145917
10.5019442054
10.5020562852
10.5021674357
10.5022785863
10.5023897368
10.5025008873
10.5026120379
10.5027218875
10.5028515012
10.5029640856
10.5031616913
10.5033592970
10.5035569027
10.5037545085
10.5039521142
10.5040645011
10.5042046563
10.5043353825
10.5044849667
10.5046251219
10.5047425370
10.5048773053
10.5050455876
10.5051522778
10.5053258980
10.5054660532
10.5056062084
10.5057463636
10.5058865188
10.5060266740
10.5061431005
10.5063069845
10.5064471397
10.5070449965
10.5075869193
10.5081288421
10.5086707650
10.5092126878
10.5097546106
10.5102965334
10.5108384562
10.5113803790
10.5119223018
10.5124642246
10.5130061474
10.5135480702
10.5140899931
10.5146319159
10.5151738387
10.5157157615
10.5162576843
10.5167996071
10.5173415299
10.5178834527
10.5184253755
10.5189672983
10.5195092212
10.5200511440
10.5205930668
10.5211349896
10.7502192308
10.7503313067
10.7504417423
10.7505521778
10.7507836731
10.7508956264
10.7510075796
10.7511665232
10.7512961369
10.7514257506
10.7515553643
10.7516849780
10.7518145917
10.7519442054
10.7520562852
10.7521674357
10.7522785863
10.7523897368
10.7525008873
10.7526120379
10.7527218875
10.7528515012
10.7529640856
10.7531616913
10.7533592970
10.7535569027
10.7537545085
10.7539521142
10.7540645011
10.7542046563
10.7543353825
10.7544849667
10.7546251219
10.7547425370
10.7548773053
10.7550455876
10.7551857428
10.7553258980
10.7554660532
10.7556062084
10.7557463636
10.7558865188
10.7560266740
10.7561431005
10.7563069845
10.7565030737
10.7570449965
10.7575869193
10.7581288421
10.7586707650
10.7592126878
10.7597546106
10.7602965334
10.7608384562
10.7613803790
10.7619223018
10.7624642246
10.7630061474
10.7635480702
10.7640899931
10.7646319159
10.7651738387
10.7657157615
10.7662576843
10.7667996071
10.7673415299
10.7678834527
10.7684253755
10.7689672983
10.7695092212
10.7700511440
10.7705930668
10.7711349896
11.0001879121
11.0003092196
11.0004196551
11.0005300907
11.0006405263
11.0007836731
11.0008956264
11.0010075796
11.0011665232
11.0012961369
11.0014257506
11.0015553643
11.0016849780
11.0018145917
11.0019442054
11.0020562852
11.0021674357
11.0022785863
11.0023897368
11.0025008873
11.0026120379
11.0027664799
11.0029640856
11.0031616913
11.0033592970
11.0035569027
11.0037545085
11.0039243459
11.0040645011
11.0042046563
11.0043353825
11.0044849667
11.0046251219
11.0047425370
11.0048773053
11.0050455876
11.0051857428
11.0053258980
11.0054660532
11.0056062084
11.0057463636
11.0058865188
11.0060266740
11.0061431005
11.0063069845
11.0065030737
11.0070449965
11.0075869193
11.0081288421
11.0086707650
11.0092126878
11.0097546106
11.0102965334
11.0108384562
11.0113803790
11.0119223018
11.0124642246
11.0130061474
11.0135480702
11.0140899931
11.0146319159
11.0151738387
11.0157157615
11.0162576843
11.0167996071
11.0173415299
11.0178834527
11.0184253755
11.0189672983
11.0195092212
11.0200511440
11.0205930668
11.0211349896
11.2501565934
11.2502818682
11.2503975680
11.2505300907
11.2506717198
11.2508956264
11.2510369095
11.2511665232
11.2512961369
11.2514224983
11.2515553643
11.2516849780
11.2518145917
11.2519442054
11.2520738191
11.2522034328
11.2523330465
11.2524626602
11.2525922738
11.2527096140
11.2529640856
11.2531616913
11.2533592970
11.2535569027
11.2537545085
11.2539243459
11.2540645011
11.2542046563
11.2543353825
11.2544849667
11.2546251219
11.2547425370
11.2548773053
11.2550455876
11.2551857428
11.2553258980
11.2554660532
11.2556062084
11.2557463636
11.2558865188
11.2560266740
11.2561431005
11.2563069845
11.2565030737
11.2570449965
11.2575869193
11.2581288421
11.2586707650
11.2592126878
11.2597546106
11.2602965334
11.2608384562
11.2613803790
11.2619223018
11.2624642246
11.2630061474
11.2635480702
11.2640899931
11.2646319159
11.2651738387
11.2657157615
11.2662576843
11.2667996071
11.2673415299
11.2678834527
11.2684253755
11.2689672983
11.2695092212
11.2700511440
11.2705930668
11.5001565934
11.5002818682
11.5003975680
11.5005300907
11.5006717198
11.5007904228
11.5009072958
11.5010369095
11.5011665232
11.5012961369
11.5014224983
11.5015553643
11.5016849780
11.5018145917
11.5019442054
11.5020738191
11.5022034328
11.5023330465
11.5024626602
11.5025922738
11.5027096140
11.5029640856
11.5031616913
11.5033592970
11.5035569027
11.5037545085
11.5039243459
11.5040645011
11.5042046563
11.5043353825
11.5044849667
11.5046251219
11.5047425370
11.5048773053
11.5050455876
11.5051857428
11.5053258980
11.5054660532
11.5056062084
11.5057463636
11.5058865188
11.5060266740
11.5061431005
11.5063069845
11.5065030737
11.5070449965
11.5075869193
11.5081288421
11.5086707650
11.5092126878
11.5097546106
11.5102965334
11.5108384562
11.5113803790
11.5119223018
11.5124642246
11.5130061474
11.5135480702
11.5140899931
11.5146319159
11.5151738387
11.5157157615
11.5162576843
11.5167996071
11.5173415299
11.5178834527
11.5184253755
11.5189672983
11.5195092212
11.5200511440
11.5205930668
11.7501565934
11.7502818682
11.7504071429
11.7505300907
11.7506717198
11.7507904228
11.7509427005
11.7510666705
11.7511856342
11.7513609438
11.7514905575
11.7516201712
11.7517497848
11.7518793985
11.7520007099
11.7521386259
11.7522682396
11.7523897368
11.7525274670
11.7526570807
11.7529640856
11.7531616913
11.7533592970
11.7535569027
11.7537545085
11.7539243459
11.7540645011
11.7542046563
11.7543353825
11.7544849667
11.7546251219
11.7547559488
11.7548773053
11.7550455876
11.7551857428
11.7553258980
11.7554660532
11.7556062084
11.7557463636
11.7558865188
11.7560266740
11.7561668292
11.7565030737
11.7570449965
11.7575869193
11.7581288421
11.7586707650
11.7592126878
11.7597546106
11.7602965334
11.7608384562
11.7613803790
11.7619223018
11.7624642246
11.7630061474
11.7635480702
11.7640899931
11.7646319159
11.7651738387
11.7657157615
11.7662576843
11.7667996071
11.7673415299
11.7678834527
11.7684253755
11.7689672983
11.7695092212
11.7700511440
11.7705930668
12.0001565934
12.0002818682
12.0004071429
12.0005300907
12.0006717198
12.0008424890
12.0009721027
12.0011017164
12.0012313301
12.0013609438
12.0014905575
12.0016201712
12.0017497848
12.0018793985
12.0020007099
12.0021386259
12.0022682396
12.0023897368
12.0025274670
12.0026570807
12.0029640856
12.0031616913
12.0033592970
12.0035569027
12.0037545085
12.0039243459
12.0040645011
12.0042046563
12.0043353825
12.0044849667
12.0046251219
12.0047559488
12.0048773053
12.0050455876
12.0051857428
12.0053258980
12.0054660532
12.0056062084
12.0057463636
12.0058865188
12.0060266740
12.0061668292
12.0065030737
12.0070449965
12.0075869193
12.0081288421
12.0086707650
12.0092126878
12.0097546106
12.0102965334
12.0108384562
12.0113803790
12.0119223018
12.0124642246
12.0130061474
12.0135480702
12.0140899931
12.0146319159
12.0151738387
12.0157157615
12.0162576843
12.0167996071
12.0173415299
12.0178834527
12.0184253755
12.0189672983
12.0195092212
12.0200511440
12.0205930668
12.2501034264
12.2502429582
12.2503754809
12.2505010989
12.2506284670
12.2507836731
12.2509072958
12.2510369095
12.2511665232
12.2512961369
12.2514224983
12.2515553643
12.2516849780
12.2518145917
12.2519442054
12.2520738191
12.2522034328
12.2523330465
12.2524626602
12.2525922738
12.2527218875
12.2529640856
12.2531616913
12.2533592970
12.2535569027
12.2537545085
12.2539243459
12.2540645011
12.2542046563
12.2543353825
12.2544849667
12.2546251219
12.2547559488
12.2549054324
12.2550455876
12.2551857428
12.2553258980
12.2554660532
12.2556062084
12.2557463636
12.2558865188
12.2560266740
12.2565030737
12.2570449965
12.2575869193
12.2581288421
12.2586707650
12.2592126878
12.2597546106
12.2602965334
12.2608384562
12.2613803790
12.2619223018
12.2624642246
12.2630061474
12.2635480702
12.2640899931
12.2646319159
12.2651738387
12.2657157615
12.2662576843
12.2667996071
12.2673415299
12.2678834527
12.2684253755
12.2689672983
12.2695092212
12.2700511440
12.5000000000
12.5001252747
12.5002505495
12.5003758242
12.5005010989
12.5006284670
12.5007836731
12.5009427005
12.5010838456
12.5012313301
12.5013609438
12.5014905575
12.5016201712
12.5017497848
12.5018793985
12.5020090122
12.5021386259
12.5022682396
12.5023978533
12.5025274670
12.5026570807
12.5029640856
12.5031616913
12.5033592970
12.5035038803
12.5036440355
12.5037841907
12.5039243459
12.5040645011
12.5042046563
12.5043353825
12.5044849667
12.5046251219
12.5047559488
12.5049054324
12.5050455876
12.5051857428
12.5053258980
12.5054660532
12.5056062084
12.5057463636
12.5058865188
12.5060266740
12.5065030737
12.5070449965
12.5075869193
12.5081288421
12.5086707650
12.5092126878
12.5097546106
12.5102965334
12.5108384562
12.5113803790
12.5119223018
12.5124642246
12.5130061474
12.5135480702
12.5140899931
12.5146319159
12.5151738387
12.5157157615
12.5162576843
12.5167996071
12.5173415299
12.5178834527
12.5184253755
12.5189672983
12.5195092212
12.5200511440
12.7500000000
12.7501565934
12.7502844997
12.7504137055
12.7505419228
12.7506717198
12.7508424890
12.7509721027
12.7511017164
12.7512313301
12.7513609438
12.7514905575
12.7516201712
12.7517497848
12.7518793985
12.7520090122
12.7521386259
12.7522682396
12.7523978533
12.7525274670
12.7526570807
12.7529640856
12.7531616913
12.7533592970
12.7535038803
12.7536440355
12.7537841907
12.7539243459
12.7540645011
12.7542046563
12.7543353825
12.7544849667
12.7546251219
12.7547559488
12.7549054324
12.7550455876
12.7551857428
12.7553258980
12.7554660532
12.7556062084
12.7557463636
12.7558865188
12.7560266740
12.7565030737
12.7570449965
12.7575869193
12.7581288421
12.7586707650
12.7592126878
12.7597546106
12.7602965334
12.7608384562
12.7613803790
12.7619223018
12.7624642246
12.7630061474
12.7635480702
12.7640899931
12.7646319159
12.7651738387
12.7657157615
12.7662576843
12.7667996071
12.7673415299
12.7678834527
12.7684253755
12.7689672983
12.7695092212
12.7700511440
13.0000000000
13.0001565934
13.0002871325
13.0004196551
13.0005521778
13.0007776822
13.0009600034
13.0011017164
13.0012961369
13.0014905575
13.0016257684
13.0017784088
13.0019442054
13.0021118604
13.0022682396
13.0024453121
13.0025922738
13.0027664799
13.0029640856
13.0031616913
13.0033592970
13.0035038803
13.0036440355
13.0037841907
13.0039243459
13.0040645011
13.0042046563
13.0043353825
13.0044849667
13.0046251219
13.0047559488
13.0049054324
13.0050455876
13.0051857428
13.0053258980
13.0054660532
13.0056062084
13.0057463636
13.0058865188
13.0060266740
13.0065030737
13.0070449965
13.0075869193
13.0081288421
13.0086707650
13.0092126878
13.0097546106
13.0102965334
13.0108384562
13.0113803790
13.0119223018
13.0124642246
13.0130061474
13.0135480702
13.0140899931
13.0146319159
13.0151738387
13.0157157615
13.0162576843
13.0167996071
13.0173415299
13.0178834527
13.0184253755
13.0189672983
13.0195092212
13.0200511440
13.2500000000
13.2501565934
13.2503092196
13.2504417423
13.2505742649
13.2507776822
13.2509600034
13.2511017164
13.2512961369
13.2514905575
13.2516257684
13.2517784088
13.2519442054
13.2521118604
13.2522682396
13.2524453121
13.2525922738
13.2527664799
13.2529640856
13.2531616913
13.2533592970
13.2535038803
13.2536440355
13.2537841907
13.2539243459
13.2540645011
13.2542046563
13.2543448115
13.2544849667
13.2546251219
13.2547652771
13.2549054324
13.2550455876
13.2551857428
13.2553258980
13.2554660532
13.2556062084
13.2557463636
13.2558865188
13.2565030737
13.2570449965
13.2575869193
13.2581288421
13.2586707650
13.2592126878
13.2597546106
13.2602965334
13.2608384562
13.2613803790
13.2619223018
13.2624642246
13.2630061474
13.2635480702
13.2640899931
13.2646319159
13.2651738387
13.2657157615
13.2662576843
13.2667996071
13.2673415299
13.2678834527
13.2684253755
13.2689672983
13.2695092212
13.5000000000
13.5001565934
13.5003092196
13.5004638294
13.5006284670
13.5007776822
13.5009600034
13.5011017164
13.5012961369
13.5014905575
13.5016257684
13.5017784088
13.5019442054
13.5021118604
13.5022682396
13.5024453121
13.5025922738
13.5027664799
13.5029640856
13.5031616913
13.5033592970
13.5035038803
13.5036440355
13.5037841907
13.5039243459
13.5040645011
13.5042046563
13.5043448115
13.5044849667
13.5046251219
13.5047652771
13.5049054324
13.5050455876
13.5051857428
13.5053258980
13.5054660532
13.5056062084
13.5057463636
13.5058865188
13.5065030737
13.5070449965
13.5075869193
13.5081288421
13.5086707650
13.5092126878
13.5097546106
13.5102965334
13.5108384562
13.5113803790
13.5119223018
13.5124642246
13.5130061474
13.5135480702
13.5140899931
13.5146319159
13.5151738387
13.5157157615
13.5162576843
13.5167996071
13.5173415299
13.5178834527
13.5184253755
13.5189672983
13.5195092212
13.7500000000
13.7501565934
13.7503092196
13.7504638294
13.7506284670
13.7507776822
13.7509600034
13.7511017164
13.7512961369
13.7514905575
13.7516672582
13.7518145917
13.7519760571
13.7521386259
13.7522785863
13.7524453121
13.7525922738
13.7527664799
13.7529640856
13.7531616913
13.7533592970
13.7535038803
13.7536440355
13.7537841907
13.7539243459
13.7540645011
13.7542046563
13.7543448115
13.7544849667
13.7546251219
13.7547652771
13.7549054324
13.7550455876
13.7551857428
13.7553258980
13.7554660532
13.7556062084
13.7557463636
13.7558865188
13.7565030737
13.7570449965
13.7575869193
13.7581288421
13.7586707650
13.7592126878
13.7597546106
13.7602965334
13.7608384562
13.7613803790
13.7619223018
13.7624642246
13.7630061474
13.7635480702
13.7640899931
13.7646319159
13.7651738387
13.7657157615
13.7662576843
13.7667996071
13.7673415299
13.7678834527
13.7684253755
13.7689672983
13.7695092212
14.0000000000
14.0001565934
14.0003092196
14.0004638294
14.0006284670
14.0007776822
14.0009600034
14.0011017164
14.0012961369
14.0014905575
14.0016672582
14.0018145917
14.0019760571
14.0021386259
14.0023330465
14.0025008873
14.0027096140
14.0029640856
14.0031616913
14.0033592970
14.0035038803
14.0036440355
14.0037841907
14.0039243459
14.0040645011
14.0042046563
14.0043448115
14.0044849667
14.0046251219
14.0047652771
14.0049054324
14.0050455876
14.0051857428
14.0053258980
14.0054660532
14.0056062084
14.0057463636
14.0058865188
14.0065030737
14.0070449965
14.0075869193
14.0081288421
14.0086707650
14.0092126878
14.0097546106
14.0102965334
14.0108384562
14.0113803790
14.0119223018
14.0124642246
14.0130061474
14.0135480702
14.0140899931
14.0146319159
14.0151738387
14.0157157615
14.0162576843
14.0167996071
14.0173415299
14.0178834527
14.0184253755
14.0189672983
14.0195092212
14.2500000000
14.2501565934
14.2503092196
14.2504638294
14.2506284670
14.2507776822
14.2509600034
14.2511379987
14.2512961369
14.2514449571
14.2516116830
14.2517784088
14.2519442054
14.2521118604
14.2522682396
14.2524453121
14.2525922738
14.2527664799
14.2529640856
14.2531616913
14.2533592970
14.2535038803
14.2537545085
14.2539243459
14.2541497199
14.2543353825
14.2544849667
14.2547559488
14.2549054324
14.2551522778
14.2553258980
14.2555486069
14.2557463636
14.2559611509
14.2565030737
14.2570449965
14.2575869193
14.2581288421
14.2586707650
14.2592126878
14.2597546106
14.2602965334
14.2608384562
14.2613803790
14.2619223018
14.2624642246
14.2630061474
14.2635480702
14.2640899931
14.2646319159
14.2651738387
14.2657157615
14.2662576843
14.2667996071
14.2673415299
14.2678834527
14.2684253755
14.2689672983
14.5000000000
14.5001565934
14.5003092196
14.5004638294
14.5006284670
14.5007776822
14.5009600034
14.5011379987
14.5012961369
14.5014449571
14.5016116830
14.5017784088
14.5019442054
14.5021118604
14.5022682396
14.5024453121
14.5027096140
14.5029432594
14.5031616913
14.5033592970
14.5035569027
14.5037545085
14.5039243459
14.5041497199
14.5043353825
14.5044849667
14.5047559488
14.5049054324
14.5051522778
14.5053258980
14.5055486069
14.5057463636
14.5059611509
14.5065030737
14.5070449965
14.5075869193
14.5081288421
14.5086707650
14.5092126878
14.5097546106
14.5102965334
14.5108384562
14.5113803790
14.5119223018
14.5124642246
14.5130061474
14.5135480702
14.5140899931
14.5146319159
14.5151738387
14.5157157615
14.5162576843
14.5167996071
14.5173415299
14.5178834527
14.5184253755
14.5189672983
14.7500000000
14.7501565934
14.7503092196
14.7504638294
14.7506284670
14.7507776822
14.7509600034
14.7511379987
14.7512961369
14.7514449571
14.7516116830
14.7517784088
14.7519442054
14.7521118604
14.7522682396
14.7524626602
14.7527096140
14.7529432594
14.7531616913
14.7533592970
14.7535569027
14.7537545085
14.7539243459
14.7541497199
14.7543353825
14.7544849667
14.7547559488
14.7549054324
14.7551522778
14.7553258980
14.7555486069
14.7557463636
14.7559611509
14.7565030737
14.7570449965
14.7575869193
14.7581288421
14.7586707650
14.7592126878
14.7597546106
14.7602965334
14.7608384562
14.7613803790
14.7619223018
14.7624642246
14.7630061474
14.7635480702
14.7640899931
14.7646319159
14.7651738387
14.7657157615
14.7662576843
14.7667996071
14.7673415299
14.7678834527
14.7684253755
14.7689672983
15.0000000000
15.0001565934
15.0003092196
15.0004638294
15.0006284670
15.0007836731
15.0009600034
15.0011379987
15.0012961369
15.0014905575
15.0016672582
15.0018339841
15.0020007099
15.0021674357
15.0023330465
15.0025274670
15.0027096140
15.0029432594
15.0031616913
15.0033592970
15.0035569027
15.0037545085
15.0039243459
15.0041497199
15.0043353825
15.0045577842
15.0047559488
15.0049541133
15.0051522778
15.0053258980
15.0055486069
15.0057463636
15.0059611509
15.0065030737
15.0070449965
15.0075869193
15.0081288421
15.0086707650
15.0092126878
15.0097546106
15.0102965334
15.0108384562
15.0113803790
15.0119223018
15.0124642246
15.0130061474
15.0135480702
15.0140899931
15.0146319159
15.0151738387
15.0157157615
15.0162576843
15.0167996071
15.0173415299
15.0178834527
15.0184253755
15.0189672983
15.2500000000
15.2501565934
15.2503092196
15.2504638294
15.2506284670
15.2507836731
15.2509600034
15.2511379987
15.2512961369
15.2514905575
15.2516672582
15.2518339841
15.2520007099
15.2521674357
15.2523330465
15.2525274670
15.2527096140
15.2529432594
15.2531616913
15.2533592970
15.2535569027
15.2537545085
15.2539243459
15.2541497199
15.2543353825
15.2545577842
15.2547559488
15.2549541133
15.2551522778
15.2553258980
15.2555486069
15.2559611509
15.2565030737
15.2570449965
15.2575869193
15.2581288421
15.2586707650
15.2592126878
15.2597546106
15.2602965334
15.2608384562
15.2613803790
15.2619223018
15.2624642246
15.2630061474
15.2635480702
15.2640899931
15.2646319159
15.2651738387
15.2657157615
15.2662576843
15.2667996071
15.2673415299
15.2678834527
15.2684253755
15.5000000000
15.5001565934
15.5003131868
15.5004697803
15.5006284670
15.5007836731
15.5009600034
15.5011379987
15.5012961369
15.5014905575
15.5016672582
15.5018339841
15.5020007099
15.5021674357
15.5023330465
15.5025688742
15.5027664799
15.5029432594
15.5031616913
15.5033592970
15.5035569027
15.5037545085
15.5039243459
15.5041497199
15.5043353825
15.5045577842
15.5047559488
15.5049541133
15.5051522778
15.5053258980
15.5055486069
15.5059611509
15.5065030737
15.5070449965
15.5075869193
15.5081288421
15.5086707650
15.5092126878
15.5097546106
15.5102965334
15.5108384562
15.5113803790
15.5119223018
15.5124642246
15.5130061474
15.5135480702
15.5140899931
15.5146319159
15.5151738387
15.5157157615
15.5162576843
15.5167996071
15.5173415299
15.5178834527
15.5184253755
15.7500000000
15.7501766969
15.7503445055
15.7505080036
15.7506717198
15.7508424890
15.7510075796
15.7511665232
15.7513338066
15.7515005324
15.7516672582
15.7518339841
15.7520007099
15.7521674357
15.7523330465
15.7525688742
15.7527664799
15.7529432594
15.7531616913
15.7533592970
15.7535569027
15.7537545085
15.7539243459
15.7541497199
15.7543353825
15.7545577842
15.7547559488
15.7549541133
15.7551522778
15.7553258980
15.7555486069
15.7559611509
15.7565030737
15.7570449965
15.7575869193
15.7581288421
15.7586707650
15.7592126878
15.7597546106
15.7602965334
15.7608384562
15.7613803790
15.7619223018
15.7624642246
15.7630061474
15.7635480702
15.7640899931
15.7646319159
15.7651738387
15.7657157615
15.7662576843
15.7667996071
15.7673415299
15.7678834527
15.7684253755
16.0000000000
16.0001766969
16.0003445055
16.0005080036
16.0006717198
16.0008424890
16.0010075796
16.0011733375
16.0013338066
16.0015005324
16.0016672582
16.0018339841
16.0020007099
16.0021674357
16.0023330465
16.0025227938
16.0027096140
16.0029432594
16.0031616913
16.0033592970
16.0035569027
16.0037545085
16.0039243459
16.0041497199
16.0043353825
16.0045577842
16.0047559488
16.0049541133
16.0051522778
16.0053258980
16.0055486069
16.0059611509
16.0065030737
16.0070449965
16.0075869193
16.0081288421
16.0086707650
16.0092126878
16.0097546106
16.0102965334
16.0108384562
16.0113803790
16.0119223018
16.0124642246
16.0130061474
16.0135480702
16.0140899931
16.0146319159
16.0151738387
16.0157157615
16.0162576843
16.0167996071
16.0173415299
16.0178834527
16.0184253755
16.2500000000
16.2501766969
16.2503445055
16.2505080036
16.2506717198
16.2508424890
16.2510075796
16.2511733375
16.2513609438
16.2515553643
16.2517228335
16.2518895593
16.2520562852
16.2522230110
16.2523978533
16.2525688742
16.2527664799
16.2529432594
16.2531616913
16.2533592970
16.2535569027
16.2537545085
16.2539243459
16.2541497199
16.2543353825
16.2545577842
16.2547559488
16.2549541133
16.2551522778
16.2553258980
16.2559611509
16.2565030737
16.2570449965
16.2575869193
16.2581288421
16.2586707650
16.2592126878
16.2597546106
16.2602965334
16.2608384562
16.2613803790
16.2619223018
16.2624642246
16.2630061474
16.2635480702
16.2640899931
16.2646319159
16.2651738387
16.2657157615
16.2662576843
16.2667996071
16.2673415299
16.2678834527
16.5000000000
16.5001766969
16.5003445055
16.5005300907
16.5007128753
16.5008956264
16.5010666705
16.5012782313
16.5014449571
16.5016116830
16.5017784088
16.5019442054
16.5021118604
16.5022785863
16.5025227938
16.5027096140
16.5029432594
16.5031616913
16.5033592970
16.5035569027
16.5037545085
16.5039243459
16.5041614552
16.5043353825
16.5045577842
16.5047559488
16.5049541133
16.5051522778
16.5053258980
16.5059611509
16.5065030737
16.5070449965
16.5075869193
16.5081288421
16.5086707650
16.5092126878
16.5097546106
16.5102965334
16.5108384562
16.5113803790
16.5119223018
16.5124642246
16.5130061474
16.5135480702
16.5140899931
16.5146319159
16.5151738387
16.5157157615
16.5162576843
16.5167996071
16.5173415299
16.5178834527
16.7500000000
16.7501766969
16.7503445055
16.7505300907
16.7507128753
16.7508956264
16.7510666705
16.7512782313
16.7514905575
16.7516672582
16.7518793985
16.7520562852
16.7522682396
16.7525227938
16.7527096140
16.7529432594
16.7531616913
16.7533592970
16.7535569027
16.7537545085
16.7539243459
16.7541614552
16.7543353825
16.7545577842
16.7547559488
16.7549541133
16.7551522778
16.7553258980
16.7559611509
16.7565030737
16.7570449965
16.7575869193
16.7581288421
16.7586707650
16.7592126878
16.7597546106
16.7602965334
16.7608384562
16.7613803790
16.7619223018
16.7624642246
16.7630061474
16.7635480702
16.7640899931
16.7646319159
16.7651738387
16.7657157615
16.7662576843
16.7667996071
16.7673415299
16.7678834527
17.0000000000
17.0001766969
17.0003533938
17.0005300907
17.0007128753
17.0008956264
17.0010666705
17.0012782313
17.0014905575
17.0016672582
17.0018793985
17.0020562852
17.0022424834
17.0025227938
17.0027096140
17.0029432594
17.0031616913
17.0033592970
17.0035569027
17.0037545085
17.0039521142
17.0041614552
17.0043353825
17.0045577842
17.0047559488
17.0049541133
17.0051522778
17.0053258980
17.0059611509
17.0065030737
17.0070449965
17.0075869193
17.0081288421
17.0086707650
17.0092126878
17.0097546106
17.0102965334
17.0108384562
17.0113803790
17.0119223018
17.0124642246
17.0130061474
17.0135480702
17.0140899931
17.0146319159
17.0151738387
17.0157157615
17.0162576843
17.0167996071
17.0173415299
17.0178834527
17.2500000000
17.2501766969
17.2503533938
17.2505300907
17.2507128753
17.2508956264
17.2510838456
17.2512782313
17.2514905575
17.2516672582
17.2518793985
17.2520562852
17.2522424834
17.2525227938
17.2527096140
17.2529432594
17.2531616913
17.2533592970
17.2535569027
17.2537545085
17.2539521142
17.2541614552
17.2543353825
17.2545577842
17.2547559488
17.2549541133
17.2551522778
17.2553258980
17.2559611509
17.2565030737
17.2570449965
17.2575869193
17.2581288421
17.2586707650
17.2592126878
17.2597546106
17.2602965334
17.2608384562
17.2613803790
17.2619223018
17.2624642246
17.2630061474
17.2635480702
17.2640899931
17.2646319159
17.2651738387
17.2657157615
17.2662576843
17.2667996071
17.2673415299
17.5000000000
17.5001766969
17.5003533938
17.5005300907
17.5007128753
17.5008956264
17.5010838456
17.5012782313
17.5014905575
17.5016672582
17.5018793985
17.5020562852
17.5022424834
17.5025227938
17.5027096140
17.5029432594
17.5031616913
17.5033592970
17.5035569027
17.5037545085
17.5039521142
17.5041614552
17.5043448115
17.5045577842
17.5047559488
17.5049541133
17.5051522778
17.5054192281
17.5059611509
17.5065030737
17.5070449965
17.5075869193
17.5081288421
17.5086707650
17.5092126878
17.5097546106
17.5102965334
17.5108384562
17.5113803790
17.5119223018
17.5124642246
17.5130061474
17.5135480702
17.5140899931
17.5146319159
17.5151738387
17.5157157615
17.5162576843
17.5167996071
17.5173415299
17.7500000000
17.7501879121
17.7503754809
17.7505597665
17.7507466693
17.7509600034
17.7511379987
17.7513338066
17.7515553643
17.7517497848
17.7519442054
17.7521386259
17.7523330465
17.7525227938
17.7527096140
17.7529432594
17.7531616913
17.7533592970
17.7535569027
17.7537545085
17.7539521142
17.7541614552
17.7543448115
17.7545577842
17.7547559488
17.7549541133
17.7551522778
17.7554192281
17.7559611509
17.7565030737
17.7570449965
17.7575869193
17.7581288421
17.7586707650
17.7592126878
17.7597546106
17.7602965334
17.7608384562
17.7613803790
17.7619223018
17.7624642246
17.7630061474
17.7635480702
17.7640899931
17.7646319159
17.7651738387
17.7657157615
17.7662576843
17.7667996071
17.7673415299
18.0000000000
18.0001879121
18.0003754809
18.0005597665
18.0007466693
18.0009447797
18.0011379987
18.0013338066
18.0015553643
18.0017497848
18.0019442054
18.0021386259
18.0023712685
18.0025688742
18.0027664799
18.0029640856
18.0031616913
18.0033592970
18.0035569027
18.0037545085
18.0039521142
18.0041614552
18.0043448115
18.0045577842
18.0047559488
18.0049541133
18.0051522778
18.0054192281
18.0059611509
18.0065030737
18.0070449965
18.0075869193
18.0081288421
18.0086707650
18.0092126878
18.0097546106
18.0102965334
18.0108384562
18.0113803790
18.0119223018
18.0124642246
18.0130061474
18.0135480702
18.0140899931
18.0146319159
18.0151738387
18.0157157615
18.0162576843
18.0167996071
18.0173415299
18.2500000000
18.2501879121
18.2503754809
18.2505597665
18.2507466693
18.2509447797
18.2511379987
18.2513338066
18.2515553643
18.2517497848
18.2519442054
18.2521386259
18.2523712685
18.2525688742
18.2527664799
18.2529640856
18.2531616913
18.2533592970
18.2535569027
18.2537545085
18.2539632906
18.2541614552
18.2543448115
18.2545577842
18.2547559488
18.2549541133
18.2551522778
18.2554192281
18.2559611509
18.2565030737
18.2570449965
18.2575869193
18.2581288421
18.2586707650
18.2592126878
18.2597546106
18.2602965334
18.2608384562
18.2613803790
18.2619223018
18.2624642246
18.2630061474
18.2635480702
18.2640899931
18.2646319159
18.2651738387
18.2657157615
18.2662576843
18.2667996071
18.5000000000
18.5001879121
18.5003754809
18.5005689993
18.5007776822
18.5009721027
18.5011665232
18.5013609438
18.5015553643
18.5017497848
18.5019442054
18.5021386259
18.5023712685
18.5025688742
18.5027664799
18.5029640856
18.5031616913
18.5033592970
18.5035569027
18.5037545085
18.5039632906
18.5041614552
18.5043596197
18.5045577842
18.5047559488
18.5049541133
18.5051522778
18.5054192281
18.5059611509
18.5065030737
18.5070449965
18.5075869193
18.5081288421
18.5086707650
18.5092126878
18.5097546106
18.5102965334
18.5108384562
18.5113803790
18.5119223018
18.5124642246
18.5130061474
18.5135480702
18.5140899931
18.5146319159
18.5151738387
18.5157157615
18.5162576843
18.5167996071
18.7500000000
18.7501879121
18.7503754809
18.7505689993
18.7507776822
18.7509721027
18.7511665232
18.7513609438
18.7515553643
18.7517497848
18.7519442054
18.7521386259
18.7523712685
18.7525688742
18.7527664799
18.7529640856
18.7531616913
18.7533592970
18.7535569027
18.7537545085
18.7539632906
18.7541614552
18.7543596197
18.7545577842
18.7547559488
18.7549541133
18.7554192281
18.7559611509
18.7565030737
18.7570449965
18.7575869193
18.7581288421
18.7586707650
18.7592126878
18.7597546106
18.7602965334
18.7608384562
18.7613803790
18.7619223018
18.7624642246
18.7630061474
18.7635480702
18.7640899931
18.7646319159
18.7651738387
18.7657157615
18.7662576843
18.7667996071
19.0000000000
19.0001987840
19.0003888411
19.0005832616
19.0007776822
19.0009721027
19.0011665232
19.0013609438
19.0015553643
19.0017497848
19.0019442054
19.0021386259
19.0023712685
19.0025688742
19.0027664799
19.0029640856
19.0031616913
19.0033592970
19.0035569027
19.0037545085
19.0039632906
19.0041614552
19.0043596197
19.0045577842
19.0047559488
19.0049541133
19.0054192281
19.0059611509
19.0065030737
19.0070449965
19.0075869193
19.0081288421
19.0086707650
19.0092126878
19.0097546106
19.0102965334
19.0108384562
19.0113803790
19.0119223018
19.0124642246
19.0130061474
19.0135480702
19.0140899931
19.0146319159
19.0151738387
19.0157157615
19.0162576843
19.0167996071
19.2500000000
19.2501987840
19.2503952114
19.2505928171
19.2507904228
19.2509880285
19.2511856342
19.2513832400
19.2515808457
19.2517784088
19.2519760571
19.2521736628
19.2523712685
19.2525688742
19.2527664799
19.2529640856
19.2531616913
19.2533592970
19.2535569027
19.2537545085
19.2539632906
19.2541614552
19.2543596197
19.2545577842
19.2547559488
19.2549541133
19.2554192281
19.2559611509
19.2565030737
19.2570449965
19.2575869193
19.2581288421
19.2586707650
19.2592126878
19.2597546106
19.2602965334
19.2608384562
19.2613803790
19.2619223018
19.2624642246
19.2630061474
19.2635480702
19.2640899931
19.2646319159
19.2651738387
19.2657157615
19.2662576843
19.5000000000
19.5001987840
19.5003952114
19.5005928171
19.5007904228
19.5009880285
19.5011856342
19.5013832400
19.5015808457
19.5017784088
19.5019760571
19.5021736628
19.5023712685
19.5025688742
19.5027664799
19.5029640856
19.5031616913
19.5033592970
19.5035569027
19.5037545085
19.5039632906
19.5041614552
19.5043596197
19.5045577842
19.5047559488
19.5049541133
19.5054192281
19.5059611509
19.5065030737
19.5070449965
19.5075869193
19.5081288421
19.5086707650
19.5092126878
19.5097546106
19.5102965334
19.5108384562
19.5113803790
19.5119223018
19.5124642246
19.5130061474
19.5135480702
19.5140899931
19.5146319159
19.5151738387
19.5157157615
19.5162576843
19.7500000000
19.7501987840
19.7503975680
19.7506284670
19.7508336291
19.7510369095
19.7512782313
19.7514905575
19.7517228335
19.7519442054
19.7521676912
19.7523712685
19.7525688742
19.7527664799
19.7529640856
19.7531616913
19.7533592970
19.7535569027
19.7537545085
19.7539632906
19.7541614552
19.7543596197
19.7545577842
19.7547559488
19.7554192281
19.7559611509
19.7565030737
19.7570449965
19.7575869193
19.7581288421
19.7586707650
19.7592126878
19.7597546106
19.7602965334
19.7608384562
19.7613803790
19.7619223018
19.7624642246
19.7630061474
19.7635480702
19.7640899931
19.7646319159
19.7651738387
19.7657157615
19.7662576843
20.0000000000
20.0002068528
20.0004071429
20.0006284670
20.0008336291
20.0010369095
20.0012782313
20.0014905575
20.0017228335
20.0019442054
20.0021676912
20.0023712685
20.0026629490
20.0029432594
20.0031616913
20.0033637250
20.0035669616
20.0037841907
20.0040645011
20.0043353825
20.0045577842
20.0047652771
20.0054192281
20.0059611509
20.0065030737
20.0070449965
20.0075869193
20.0081288421
20.0086707650
20.0092126878
20.0097546106
20.0102965334
20.0108384562
20.0113803790
20.0119223018
20.0124642246
20.0130061474
20.0135480702
20.0140899931
20.0146319159
20.0151738387
20.0157157615
20.0162576843
20.2500000000
20.2502068528
20.2504137055
20.2506284670
20.2508336291
20.2510369095
20.2512782313
20.2514905575
20.2517228335
20.2519442054
20.2521676912
20.2523712685
20.2526629490
20.2529432594
20.2531616913
20.2535038803
20.2537651261
20.2540645011
20.2543353825
20.2545577842
20.2547652771
20.2554192281
20.2559611509
20.2565030737
20.2570449965
20.2575869193
20.2581288421
20.2586707650
20.2592126878
20.2597546106
20.2602965334
20.2608384562
20.2613803790
20.2619223018
20.2624642246
20.2630061474
20.2635480702
20.2640899931
20.2646319159
20.2651738387
20.2657157615
20.5000000000
20.5002068528
20.5004137055
20.5006284670
20.5008336291
20.5010559302
20.5012613969
20.5014905575
20.5017228335
20.5019442054
20.5021676912
20.5023779744
20.5026629490
20.5029432594
20.5031616913
20.5035038803
20.5037651261
20.5040645011
20.5043353825
20.5045577842
20.5047652771
20.5054192281
20.5059611509
20.5065030737
20.5070449965
20.5075869193
20.5081288421
20.5086707650
20.5092126878
20.5097546106
20.5102965334
20.5108384562
20.5113803790
20.5119223018
20.5124642246
20.5130061474
20.5135480702
20.5140899931
20.5146319159
20.5151738387
20.5157157615
20.7500000000
20.7502192308
20.7504384616
20.7506480685
20.7508892044
20.7511017164
20.7513338066
20.7515417073
20.7517497848
20.7519621729
20.7521736628
20.7523826386
20.7526629490
20.7529432594
20.7531616913
20.7535038803
20.7537651261
20.7540645011
20.7543353825
20.7545577842
20.7548773053
20.7554192281
20.7559611509
20.7565030737
20.7570449965
20.7575869193
20.7581288421
20.7586707650
20.7592126878
20.7597546106
20.7602965334
20.7608384562
20.7613803790
20.7619223018
20.7624642246
20.7630061474
20.7635480702
20.7640899931
20.7646319159
20.7651738387
20.7657157615
21.0000000000
21.0002192308
21.0004384616
21.0006669033
21.0008892044
21.0011017164
21.0013338066
21.0015553643
21.0017784088
21.0020007099
21.0022424834
21.0025227938
21.0027664799
21.0030834146
21.0033592970
21.0036440355
21.0039243459
21.0041614552
21.0044849667
21.0047559488
21.0054192281
21.0059611509
21.0065030737
21.0070449965
21.0075869193
21.0081288421
21.0086707650
21.0092126878
21.0097546106
21.0102965334
21.0108384562
21.0113803790
21.0119223018
21.0124642246
21.0130061474
21.0135480702
21.0140899931
21.0146319159
21.0151738387
21.0157157615
21.2500000000
21.2502192308
21.2504384616
21.2506669033
21.2508892044
21.2511115055
21.2513338066
21.2515553643
21.2517784088
21.2520090122
21.2522424834
21.2525227938
21.2527664799
21.2530834146
21.2533592970
21.2536440355
21.2539243459
21.2541614552
21.2544849667
21.2548773053
21.2554192281
21.2559611509
21.2565030737
21.2570449965
21.2575869193
21.2581288421
21.2586707650
21.2592126878
21.2597546106
21.2602965334
21.2608384562
21.2613803790
21.2619223018
21.2624642246
21.2630061474
21.2635480702
21.2640899931
21.2646319159
21.2651738387
21.5000000000
21.5002192308
21.5004384616
21.5006669033
21.5008892044
21.5011115055
21.5013338066
21.5015553643
21.5017784088
21.5020090122
21.5022424834
21.5025227938
21.5027664799
21.5030834146
21.5033592970
21.5036440355
21.5039243459
21.5041614552
21.5044849667
21.5048773053
21.5054192281
21.5059611509
21.5065030737
21.5070449965
21.5075869193
21.5081288421
21.5086707650
21.5092126878
21.5097546106
21.5102965334
21.5108384562
21.5113803790
21.5119223018
21.5124642246
21.5130061474
21.5135480702
21.5140899931
21.5146319159
21.5151738387
21.7500000000
21.7502192308
21.7504384616
21.7506669033
21.7508892044
21.7511115055
21.7513338066
21.7515553643
21.7517784088
21.7520090122
21.7522424834
21.7525227938
21.7527664799
21.7530834146
21.7533592970
21.7536440355
21.7539243459
21.7541614552
21.7544849667
21.7548773053
21.7554192281
21.7559611509
21.7565030737
21.7570449965
21.7575869193
21.7581288421
21.7586707650
21.7592126878
21.7597546106
21.7602965334
21.7608384562
21.7613803790
21.7619223018
21.7624642246
21.7630061474
21.7635480702
21.7640899931
21.7646319159
21.7651738387
22.0000000000
22.0002208711
22.0004417423
22.0006669033
22.0008892044
22.0011115055
22.0013338066
22.0015553643
22.0017784088
22.0020090122
22.0022424834
22.0025227938
22.0027664799
22.0030834146
22.0033592970
22.0036440355
22.0039243459
22.0041614552
22.0044849667
22.0048773053
22.0054192281
22.0059611509
22.0065030737
22.0070449965
22.0075869193
22.0081288421
22.0086707650
22.0092126878
22.0097546106
22.0102965334
22.0108384562
22.0113803790
22.0119223018
22.0124642246
22.0130061474
22.0135480702
22.0140899931
22.0146319159
22.0151738387
22.2500000000
22.2502239066
22.2504478132
22.2506717198
22.2508956264
22.2511212417
22.2513609438
22.2516116830
22.2518793985
22.2521023282
22.2523712685
22.2526629490
22.2529432594
22.2531706325
22.2535038803
22.2537651261
22.2540645011
22.2543353825
22.2548773053
22.2554192281
22.2559611509
22.2565030737
22.2570449965
22.2575869193
22.2581288421
22.2586707650
22.2592126878
22.2597546106
22.2602965334
22.2608384562
22.2613803790
22.2619223018
22.2624642246
22.2630061474
22.2635480702
22.2640899931
22.2646319159
22.5000000000
22.5002429582
22.5004697803
22.5007007761
22.5009447797
22.5011856342
22.5014224983
22.5016672582
22.5019442054
22.5021736628
22.5025227938
22.5027664799
22.5030834146
22.5033592970
22.5036440355
22.5039243459
22.5041614552
22.5044849667
22.5048773053
22.5054192281
22.5059611509
22.5065030737
22.5070449965
22.5075869193
22.5081288421
22.5086707650
22.5092126878
22.5097546106
22.5102965334
22.5108384562
22.5113803790
22.5119223018
22.5124642246
22.5130061474
22.5135480702
22.5140899931
22.5146319159
22.7500000000
22.7502429582
22.7505001775
22.7507466693
22.7509810865
22.7512226560
22.7514905575
22.7517228335
22.7519621729
22.7522424834
22.7525227938
22.7527664799
22.7530834146
22.7533637250
22.7536440355
22.7539243459
22.7541614552
22.7548773053
22.7554192281
22.7559611509
22.7565030737
22.7570449965
22.7575869193
22.7581288421
22.7586707650
22.7592126878
22.7597546106
22.7602965334
22.7608384562
22.7613803790
22.7619223018
22.7624642246
22.7630061474
22.7635480702
22.7640899931
22.7646319159
23.0000000000
23.0002429582
23.0005001775
23.0007466693
23.0009810865
23.0012226560
23.0014905575
23.0017228335
23.0019621729
23.0022424834
23.0025227938
23.0027664799
23.0030834146
23.0033637250
23.0036440355
23.0039243459
23.0041614552
23.0048773053
23.0054192281
23.0059611509
23.0065030737
23.0070449965
23.0075869193
23.0081288421
23.0086707650
23.0092126878
23.0097546106
23.0102965334
23.0108384562
23.0113803790
23.0119223018
23.0124642246
23.0130061474
23.0135480702
23.0140899931
23.0146319159
23.2500000000
23.2502429582
23.2505001775
23.2507466693
23.2509810865
23.2512226560
23.2514905575
23.2517497848
23.2521023282
23.2523712685
23.2526629490
23.2529432594
23.2532235698
23.2535038803
23.2537651261
23.2540645011
23.2543353825
23.2548773053
23.2554192281
23.2559611509
23.2565030737
23.2570449965
23.2575869193
23.2581288421
23.2586707650
23.2592126878
23.2597546106
23.2602965334
23.2608384562
23.2613803790
23.2619223018
23.2624642246
23.2630061474
23.2635480702
23.2640899931
23.5000000000
23.5002429582
23.5005001775
23.5007466693
23.5009880285
23.5012313301
23.5014905575
23.5017497848
23.5021023282
23.5023712685
23.5026629490
23.5029432594
23.5032235698
23.5035038803
23.5037651261
23.5040645011
23.5043353825
23.5048773053
23.5054192281
23.5059611509
23.5065030737
23.5070449965
23.5075869193
23.5081288421
23.5086707650
23.5092126878
23.5097546106
23.5102965334
23.5108384562
23.5113803790
23.5119223018
23.5124642246
23.5130061474
23.5135480702
23.5140899931
23.7500000000
23.7502429582
23.7505001775
23.7507466693
23.7509880285
23.7512313301
23.7514905575
23.7517497848
23.7521023282
23.7523712685
23.7526629490
23.7529432594
23.7532235698
23.7535038803
23.7537651261
23.7540645011
23.7543353825
23.7548773053
23.7554192281
23.7559611509
23.7565030737
23.7570449965
23.7575869193
23.7581288421
23.7586707650
23.7592126878
23.7597546106
23.7602965334
23.7608384562
23.7613803790
23.7619223018
23.7624642246
23.7630061474
23.7635480702
23.7640899931
24.0000000000
24.0002429582
24.0005001775
24.0007466693
24.0009880285
24.0012313301
24.0014905575
24.0017497848
24.0021023282
24.0023712685
24.0026629490
24.0029432594
24.0032235698
24.0035038803
24.0037651261
24.0040645011
24.0043353825
24.0048773053
24.0054192281
24.0059611509
24.0065030737
24.0070449965
24.0075869193
24.0081288421
24.0086707650
24.0092126878
24.0097546106
24.0102965334
24.0108384562
24.0113803790
24.0119223018
24.0124642246
24.0130061474
24.0135480702
24.0140899931
24.2500000000
24.2502429582
24.2505001775
24.2507466693
24.2510003549
24.2512613969
24.2515417073
24.2518145917
24.2521023282
24.2523712685
24.2526629490
24.2529432594
24.2532235698
24.2535038803
24.2537651261
24.2540645011
24.2543353825
24.2548773053
24.2554192281
24.2559611509
24.2565030737
24.2570449965
24.2575869193
24.2581288421
24.2586707650
24.2592126878
24.2597546106
24.2602965334
24.2608384562
24.2613803790
24.2619223018
24.2624642246
24.2630061474
24.2635480702
24.5000000000
24.5002505495
24.5005001775
24.5007466693
24.5010003549
24.5012613969
24.5015417073
24.5018145917
24.5021023282
24.5023712685
24.5026629490
24.5029432594
24.5032235698
24.5035038803
24.5037651261
24.5040645011
24.5043353825
24.5048773053
24.5054192281
24.5059611509
24.5065030737
24.5070449965
24.5075869193
24.5081288421
24.5086707650
24.5092126878
24.5097546106
24.5102965334
24.5108384562
24.5113803790
24.5119223018
24.5124642246
24.5130061474
24.5135480702
24.7500000000
24.7502505495
24.7505001775
24.7507776822
24.7510369095
24.7512961369
24.7515553643
24.7518145917
24.7521023282
24.7523712685
24.7526629490
24.7529432594
24.7532235698
24.7535038803
24.7537651261
24.7540645011
24.7543353825
24.7548773053
24.7554192281
24.7559611509
24.7565030737
24.7570449965
24.7575869193
24.7581288421
24.7586707650
24.7592126878
24.7597546106
24.7602965334
24.7608384562
24.7613803790
24.7619223018
24.7624642246
24.7630061474
24.7635480702
25.0000000000
25.0002505495
25.0005010989
25.0007776822
25.0010369095
25.0012961369
25.0015553643
25.0018145917
25.0021023282
25.0023712685
25.0026629490
25.0029432594
25.0032235698
25.0035038803
25.0037651261
25.0040645011
25.0043353825
25.0048773053
25.0054192281
25.0059611509
25.0065030737
25.0070449965
25.0075869193
25.0081288421
25.0086707650
25.0092126878
25.0097546106
25.0102965334
25.0108384562
25.0113803790
25.0119223018
25.0124642246
25.0130061474
25.0135480702
25.2500000000
25.2502592274
25.2505184548
25.2507776822
25.2510369095
25.2512961369
25.2515553643
25.2518220177
25.2521023282
25.2523712685
25.2526629490
25.2529432594
25.2532235698
25.2535038803
25.2537651261
25.2543353825
25.2548773053
25.2554192281
25.2559611509
25.2565030737
25.2570449965
25.2575869193
25.2581288421
25.2586707650
25.2592126878
25.2597546106
25.2602965334
25.2608384562
25.2613803790
25.2619223018
25.2624642246
25.2630061474
25.5000000000
25.5002592274
25.5005184548
25.5007776822
25.5010369095
25.5012961369
25.5015553643
25.5018220177
25.5021023282
25.5023712685
25.5026629490
25.5029432594
25.5032235698
25.5035038803
25.5037651261
25.5043353825
25.5048773053
25.5054192281
25.5059611509
25.5065030737
25.5070449965
25.5075869193
25.5081288421
25.5086707650
25.5092126878
25.5097546106
25.5102965334
25.5108384562
25.5113803790
25.5119223018
25.5124642246
25.5130061474
25.7500000000
25.7502592274
25.7505184548
25.7507776822
25.7510369095
25.7512961369
25.7515553643
25.7518220177
25.7521023282
25.7523712685
25.7526629490
25.7529432594
25.7532235698
25.7535038803
25.7537651261
25.7543353825
25.7548773053
25.7554192281
25.7559611509
25.7565030737
25.7570449965
25.7575869193
25.7581288421
25.7586707650
25.7592126878
25.7597546106
25.7602965334
25.7608384562
25.7613803790
25.7619223018
25.7624642246
25.7630061474
26.0000000000
26.0002650454
26.0005333352
26.0008336291
26.0011017164
26.0013832400
26.0016672582
26.0019621729
26.0022424834
26.0025227938
26.0028031042
26.0030834146
26.0033637250
26.0036440355
26.0039243459
26.0043353825
26.0048773053
26.0054192281
26.0059611509
26.0065030737
26.0070449965
26.0075869193
26.0081288421
26.0086707650
26.0092126878
26.0097546106
26.0102965334
26.0108384562
26.0113803790
26.0119223018
26.0124642246
26.0130061474
26.2500000000
26.2502650454
26.2505333352
26.2508336291
26.2511017164
26.2513832400
26.2516818625
26.2519621729
26.2522424834
26.2525227938
26.2528031042
26.2530834146
26.2533637250
26.2536440355
26.2543353825
26.2548773053
26.2554192281
26.2559611509
26.2565030737
26.2570449965
26.2575869193
26.2581288421
26.2586707650
26.2592126878
26.2597546106
26.2602965334
26.2608384562
26.2613803790
26.2619223018
26.2624642246
26.5000000000
26.5002650454
26.5005333352
26.5008336291
26.5011017164
26.5013832400
26.5016818625
26.5019621729
26.5022424834
26.5025227938
26.5028031042
26.5030834146
26.5033637250
26.5036440355
26.5043353825
26.5048773053
26.5054192281
26.5059611509
26.5065030737
26.5070449965
26.5075869193
26.5081288421
26.5086707650
26.5092126878
26.5097546106
26.5102965334
26.5108384562
26.5113803790
26.5119223018
26.5124642246
26.7500000000
26.7502778764
26.7505557527
26.7508336291
26.7511017164
26.7513832400
26.7516818625
26.7519621729
26.7522424834
26.7525227938
26.7528031042
26.7530834146
26.7533637250
26.7536440355
26.7543353825
26.7548773053
26.7554192281
26.7559611509
26.7565030737
26.7570449965
26.7575869193
26.7581288421
26.7586707650
26.7592126878
26.7597546106
26.7602965334
26.7608384562
26.7613803790
26.7619223018
26.7624642246
27.0000000000
27.0002778764
27.0005557527
27.0008336291
27.0011115055
27.0013832400
27.0016818625
27.0019621729
27.0022424834
27.0025227938
27.0028031042
27.0030834146
27.0033637250
27.0036440355
27.0043353825
27.0048773053
27.0054192281
27.0059611509
27.0065030737
27.0070449965
27.0075869193
27.0081288421
27.0086707650
27.0092126878
27.0097546106
27.0102965334
27.0108384562
27.0113803790
27.0119223018
27.0124642246
27.2500000000
27.2502778764
27.2505557527
27.2508336291
27.2511115055
27.2513871517
27.2516818625
27.2519621729
27.2522424834
27.2525227938
27.2528031042
27.2530834146
27.2533637250
27.2536440355
27.2543353825
27.2548773053
27.2554192281
27.2559611509
27.2565030737
27.2570449965
27.2575869193
27.2581288421
27.2586707650
27.2592126878
27.2597546106
27.2602965334
27.2608384562
27.2613803790
27.2619223018
27.5000000000
27.5002778764
27.5005557527
27.5008336291
27.5011115055
27.5013871517
27.5016818625
27.5019621729
27.5022424834
27.5025227938
27.5028031042
27.5030834146
27.5033637250
27.5036440355
27.5043353825
27.5048773053
27.5054192281
27.5059611509
27.5065030737
27.5070449965
27.5075869193
27.5081288421
27.5086707650
27.5092126878
27.5097546106
27.5102965334
27.5108384562
27.5113803790
27.5119223018
27.7500000000
27.7502778764
27.7505557527
27.7508336291
27.7511115055
27.7513893819
27.7516818625
27.7519621729
27.7522424834
27.7525227938
27.7528031042
27.7530834146
27.7533637250
27.7537934597
27.7543353825
27.7548773053
27.7554192281
27.7559611509
27.7565030737
27.7570449965
27.7575869193
27.7581288421
27.7586707650
27.7592126878
27.7597546106
27.7602965334
27.7608384562
27.7613803790
27.7619223018
28.0000000000
28.0002803104
28.0005606208
28.0008409313
28.0011212417
28.0014015521
28.0016818625
28.0019621729
28.0022424834
28.0025227938
28.0028031042
28.0030834146
28.0033637250
28.0037934597
28.0043353825
28.0048773053
28.0054192281
28.0059611509
28.0065030737
28.0070449965
28.0075869193
28.0081288421
28.0086707650
28.0092126878
28.0097546106
28.0102965334
28.0108384562
28.0113803790
28.0119223018
28.2500000000
28.2502844997
28.2505689993
28.2508533364
28.2511379987
28.2514257506
28.2517784514
28.2521023282
28.2525227938
28.2529432594
28.2532515369
28.2537934597
28.2543353825
28.2548773053
28.2554192281
28.2559611509
28.2565030737
28.2570449965
28.2575869193
28.2581288421
28.2586707650
28.2592126878
28.2597546106
28.2602965334
28.2608384562
28.2613803790
28.5000000000
28.5002871325
28.5005832616
28.5008892044
28.5011856342
28.5014905575
28.5017784514
28.5021023282
28.5025227938
28.5029432594
28.5032515369
28.5037934597
28.5043353825
28.5048773053
28.5054192281
28.5059611509
28.5065030737
28.5070449965
28.5075869193
28.5081288421
28.5086707650
28.5092126878
28.5097546106
28.5102965334
28.5108384562
28.5113803790
28.7500000000
28.7503092196
28.7506113280
28.7509072958
28.7512226560
28.7515417073
28.7519621729
28.7523712685
28.7526629490
28.7530834146
28.7537934597
28.7543353825
28.7548773053
28.7554192281
28.7559611509
28.7565030737
28.7570449965
28.7575869193
28.7581288421
28.7586707650
28.7592126878
28.7597546106
28.7602965334
28.7608384562
28.7613803790
29.0000000000
29.0003092196
29.0006113280
29.0009072958
29.0012226560
29.0015417073
29.0019621729
29.0023712685
29.0026629490
29.0030834146
29.0037934597
29.0043353825
29.0048773053
29.0054192281
29.0059611509
29.0065030737
29.0070449965
29.0075869193
29.0081288421
29.0086707650
29.0092126878
29.0097546106
29.0102965334
29.0108384562
29.0113803790
29.2500000000
29.2503092196
29.2506113280
29.2509072958
29.2512226560
29.2515417073
29.2519621729
29.2523712685
29.2527096140
29.2530834146
29.2537934597
29.2543353825
29.2548773053
29.2554192281
29.2559611509
29.2565030737
29.2570449965
29.2575869193
29.2581288421
29.2586707650
29.2592126878
29.2597546106
29.2602965334
29.2608384562
29.5000000000
29.5003092196
29.5006113280
29.5009072958
29.5012226560
29.5015417073
29.5019621729
29.5023712685
29.5027096140
29.5030834146
29.5037934597
29.5043353825
29.5048773053
29.5054192281
29.5059611509
29.5065030737
29.5070449965
29.5075869193
29.5081288421
29.5086707650
29.5092126878
29.5097546106
29.5102965334
29.5108384562
29.7500000000
29.7503092196
29.7506113280
29.7509447797
29.7512613969
29.7515808457
29.7519621729
29.7523712685
29.7527096140
29.7530834146
29.7537934597
29.7543353825
29.7548773053
29.7554192281
29.7559611509
29.7565030737
29.7570449965
29.7575869193
29.7581288421
29.7586707650
29.7592126878
29.7597546106
29.7602965334
29.7608384562
30.0000000000
30.0003092196
30.0006113280
30.0009447797
30.0012613969
30.0015808457
30.0019621729
30.0023712685
30.0027096140
30.0030834146
30.0037934597
30.0043353825
30.0048773053
30.0054192281
30.0059611509
30.0065030737
30.0070449965
30.0075869193
30.0081288421
30.0086707650
30.0092126878
30.0097546106
30.0102965334
30.0108384562
30.2500000000
30.2503092196
30.2506400023
30.2509447797
30.2512613969
30.2515808457
30.2519621729
30.2523712685
30.2527096140
30.2530834146
30.2537934597
30.2543353825
30.2548773053
30.2554192281
30.2559611509
30.2565030737
30.2570449965
30.2575869193
30.2581288421
30.2586707650
30.2592126878
30.2597546106
30.2602965334
30.5000000000
30.5003092196
30.5006400023
30.5009721027
30.5012782313
30.5016257684
30.5019621729
30.5023712685
30.5027096140
30.5030834146
30.5037934597
30.5043353825
30.5048773053
30.5054192281
30.5059611509
30.5065030737
30.5070449965
30.5075869193
30.5081288421
30.5086707650
30.5092126878
30.5097546106
30.5102965334
30.7500000000
30.7503092196
30.7506400023
30.7509721027
30.7512961369
30.7516257684
30.7519621729
30.7523779744
30.7527096140
30.7530834146
30.7537934597
30.7543353825
30.7548773053
30.7554192281
30.7559611509
30.7565030737
30.7570449965
30.7575869193
30.7581288421
30.7586707650
30.7592126878
30.7597546106
30.7602965334
31.0000000000
31.0003102791
31.0006400023
31.0009721027
31.0012961369
31.0016257684
31.0019621729
31.0023779744
31.0027096140
31.0030834146
31.0037934597
31.0043353825
31.0048773053
31.0054192281
31.0059611509
31.0065030737
31.0070449965
31.0075869193
31.0081288421
31.0086707650
31.0092126878
31.0097546106
31.0102965334
31.2500000000
31.2503131868
31.2506400023
31.2509721027
31.2512961369
31.2516257684
31.2519621729
31.2523779744
31.2527096140
31.2532515369
31.2537934597
31.2543353825
31.2548773053
31.2554192281
31.2559611509
31.2565030737
31.2570449965
31.2575869193
31.2581288421
31.2586707650
31.2592126878
31.2597546106
31.5000000000
31.5003200011
31.5006400023
31.5009721027
31.5012961369
31.5016257684
31.5019621729
31.5023779744
31.5027096140
31.5032515369
31.5037934597
31.5043353825
31.5048773053
31.5054192281
31.5059611509
31.5065030737
31.5070449965
31.5075869193
31.5081288421
31.5086707650
31.5092126878
31.5097546106
31.7500000000
31.7503200011
31.7506400023
31.7509721027
31.7512961369
31.7516257684
31.7519621729
31.7523779744
31.7527096140
31.7532515369
31.7537934597
31.7543353825
31.7548773053
31.7554192281
31.7559611509
31.7565030737
31.7570449965
31.7575869193
31.7581288421
31.7586707650
31.7592126878
31.7597546106
32.0000000000
32.0003240342
32.0006480685
32.0009721027
32.0012961369
32.0016257684
32.0019621729
32.0023779744
32.0027096140
32.0032515369
32.0037934597
32.0043353825
32.0048773053
32.0054192281
32.0059611509
32.0065030737
32.0070449965
32.0075869193
32.0081288421
32.0086707650
32.0092126878
32.0097546106
32.2500000000
32.2503240342
32.2506480685
32.2509721027
32.2513832400
32.2517784514
32.2521023282
32.2525227938
32.2532515369
32.2537934597
32.2543353825
32.2548773053
32.2554192281
32.2559611509
32.2565030737
32.2570449965
32.2575869193
32.2581288421
32.2586707650
32.2592126878
32.5000000000
32.5003334516
32.5006669033
32.5010003549
32.5013832400
32.5017784514
32.5021676912
32.5025227938
32.5032515369
32.5037934597
32.5043353825
32.5048773053
32.5054192281
32.5059611509
32.5065030737
32.5070449965
32.5075869193
32.5081288421
32.5086707650
32.5092126878
32.7500000000
32.7503334516
32.7506669033
32.7510003549
32.7513832400
32.7517784514
32.7521676912
32.7525227938
32.7532515369
32.7537934597
32.7543353825
32.7548773053
32.7554192281
32.7559611509
32.7565030737
32.7570449965
32.7575869193
32.7581288421
32.7586707650
32.7592126878
33.0000000000
33.0003334516
33.0006669033
33.0010003549
33.0013832400
33.0017784514
33.0021676912
33.0025227938
33.0032515369
33.0037934597
33.0043353825
33.0048773053
33.0054192281
33.0059611509
33.0065030737
33.0070449965
33.0075869193
33.0081288421
33.0086707650
33.0092126878
33.2500000000
33.2503334516
33.2506669033
33.2510003549
33.2513832400
33.2517784514
33.2521676912
33.2525227938
33.2532515369
33.2537934597
33.2543353825
33.2548773053
33.2554192281
33.2559611509
33.2565030737
33.2570449965
33.2575869193
33.2581288421
33.2586707650
33.5000000000
33.5003358599
33.5007007761
33.5010369095
33.5013832400
33.5017784514
33.5021676912
33.5025227938
33.5032515369
33.5037934597
33.5043353825
33.5048773053
33.5054192281
33.5059611509
33.5065030737
33.5070449965
33.5075869193
33.5081288421
33.5086707650
33.7500000000
33.7503888411
33.7507776822
33.7511212417
33.7515417073
33.7519621729
33.7523779744
33.7532515369
33.7537934597
33.7543353825
33.7548773053
33.7554192281
33.7559611509
33.7565030737
33.7570449965
33.7575869193
33.7581288421
33.7586707650
34.0000000000
34.0003888411
34.0007776822
34.0011212417
34.0015417073
34.0019621729
34.0023779744
34.0032515369
34.0037934597
34.0043353825
34.0048773053
34.0054192281
34.0059611509
34.0065030737
34.0070449965
34.0075869193
34.0081288421
34.0086707650
34.2500000000
34.2503888411
34.2507776822
34.2511212417
34.2515417073
34.2519621729
34.2523779744
34.2532515369
34.2537934597
34.2543353825
34.2548773053
34.2554192281
34.2559611509
34.2565030737
34.2570449965
34.2575869193
34.2581288421
34.5000000000
34.5003888411
34.5007776822
34.5011856342
34.5015417073
34.5019621729
34.5023779744
34.5032515369
34.5037934597
34.5043353825
34.5048773053
34.5054192281
34.5059611509
34.5065030737
34.5070449965
34.5075869193
34.5081288421
34.7500000000
34.7503888411
34.7507776822
34.7511856342
34.7515417073
34.7519621729
34.7523779744
34.7532515369
34.7537934597
34.7543353825
34.7548773053
34.7554192281
34.7559611509
34.7565030737
34.7570449965
34.7575869193
34.7581288421
35.0000000000
35.0003888411
35.0007776822
35.0011856342
35.0015417073
35.0019621729
35.0023779744
35.0032515369
35.0037934597
35.0043353825
35.0048773053
35.0054192281
35.0059611509
35.0065030737
35.0070449965
35.0075869193
35.0081288421
35.2500000000
35.2503888411
35.2507776822
35.2511856342
35.2515417073
35.2519621729
35.2523779744
35.2532515369
35.2537934597
35.2543353825
35.2548773053
35.2554192281
35.2559611509
35.2565030737
35.2570449965
35.2575869193
35.5000000000
35.5003888411
35.5007776822
35.5011856342
35.5015417073
35.5019621729
35.5023779744
35.5032515369
35.5037934597
35.5043353825
35.5048773053
35.5054192281
35.5059611509
35.5065030737
35.5070449965
35.5075869193
35.7500000000
35.7503888411
35.7507776822
35.7511856342
35.7515808457
35.7519621729
35.7527096140
35.7532515369
35.7537934597
35.7543353825
35.7548773053
35.7554192281
35.7559611509
35.7565030737
35.7570449965
35.7575869193
36.0000000000
36.0003888411
36.0007776822
36.0011856342
36.0015808457
36.0019621729
36.0027096140
36.0032515369
36.0037934597
36.0043353825
36.0048773053
36.0054192281
36.0059611509
36.0065030737
36.0070449965
36.0075869193
36.2500000000
36.2503888411
36.2507776822
36.2511856342
36.2515808457
36.2519621729
36.2527096140
36.2532515369
36.2537934597
36.2543353825
36.2548773053
36.2554192281
36.2559611509
36.2565030737
36.2570449965
36.5000000000
36.5003888411
36.5007776822
36.5011856342
36.5015808457
36.5019621729
36.5027096140
36.5032515369
36.5037934597
36.5043353825
36.5048773053
36.5054192281
36.5059611509
36.5065030737
36.5070449965
36.7500000000
36.7503888411
36.7507776822
36.7511856342
36.7515808457
36.7519621729
36.7527096140
36.7532515369
36.7537934597
36.7543353825
36.7548773053
36.7554192281
36.7559611509
36.7565030737
36.7570449965
37.0000000000
37.0003888411
37.0007776822
37.0011856342
37.0016257684
37.0021023282
37.0027096140
37.0032515369
37.0037934597
37.0043353825
37.0048773053
37.0054192281
37.0059611509
37.0065030737
37.0070449965
37.2500000000
37.2503888411
37.2507776822
37.2511856342
37.2516257684
37.2521676912
37.2527096140
37.2532515369
37.2537934597
37.2543353825
37.2548773053
37.2554192281
37.2559611509
37.2565030737
37.5000000000
37.5003888411
37.5007776822
37.5011856342
37.5016257684
37.5021676912
37.5027096140
37.5032515369
37.5037934597
37.5043353825
37.5048773053
37.5054192281
37.5059611509
37.5065030737
37.7500000000
37.7503888411
37.7507776822
37.7511856342
37.7516257684
37.7521676912
37.7527096140
37.7532515369
37.7537934597
37.7543353825
37.7548773053
37.7554192281
37.7559611509
37.7565030737
38.0000000000
38.0003888411
38.0007776822
38.0011856342
38.0016257684
38.0021676912
38.0027096140
38.0032515369
38.0037934597
38.0043353825
38.0048773053
38.0054192281
38.0059611509
38.0065030737
38.2500000000
38.2503888411
38.2507776822
38.2511856342
38.2516257684
38.2521676912
38.2527096140
38.2532515369
38.2537934597
38.2543353825
38.2548773053
38.2554192281
38.2559611509
38.5000000000
38.5003888411
38.5007776822
38.5011856342
38.5016257684
38.5021676912
38.5027096140
38.5032515369
38.5037934597
38.5043353825
38.5048773053
38.5054192281
38.5059611509
38.7500000000
38.7503888411
38.7507776822
38.7511856342
38.7516257684
38.7521676912
38.7527096140
38.7532515369
38.7537934597
38.7543353825
38.7548773053
38.7554192281
38.7559611509
39.0000000000
39.0003952114
39.0007904228
39.0011856342
39.0016257684
39.0021676912
39.0027096140
39.0032515369
39.0037934597
39.0043353825
39.0048773053
39.0054192281
39.0059611509
39.2500000000
39.2503952114
39.2507904228
39.2511856342
39.2516257684
39.2521676912
39.2527096140
39.2532515369
39.2537934597
39.2543353825
39.2548773053
39.2554192281
39.5000000000
39.5003952114
39.5007904228
39.5011856342
39.5016257684
39.5021676912
39.5027096140
39.5032515369
39.5037934597
39.5043353825
39.5048773053
39.5054192281
39.7500000000
39.7504204656
39.7508409313
39.7512613969
39.7521676912
39.7527096140
39.7532515369
39.7537934597
39.7543353825
39.7548773053
39.7554192281
40.0000000000
40.0004204656
40.0008409313
40.0012613969
40.0021676912
40.0027096140
40.0032515369
40.0037934597
40.0043353825
40.0048773053
40.0054192281
40.2500000000
40.2504204656
40.2508409313
40.2512613969
40.2521676912
40.2527096140
40.2532515369
40.2537934597
40.2543353825
40.2548773053
40.5000000000
40.5004204656
40.5008409313
40.5012613969
40.5021676912
40.5027096140
40.5032515369
40.5037934597
40.5043353825
40.5048773053
40.7500000000
40.7504204656
40.7508409313
40.7512613969
40.7521676912
40.7527096140
40.7532515369
40.7537934597
40.7543353825
40.7548773053
41.0000000000
41.0004204656
41.0008409313
41.0012613969
41.0021676912
41.0027096140
41.0032515369
41.0037934597
41.0043353825
41.0048773053
41.2500000000
41.2504204656
41.2508409313
41.2512613969
41.2521676912
41.2527096140
41.2532515369
41.2537934597
41.2543353825
41.5000000000
41.5004204656
41.5008409313
41.5012613969
41.5021676912
41.5027096140
41.5032515369
41.5037934597
41.5043353825
41.7500000000
41.7504204656
41.7508409313
41.7512613969
41.7521676912
41.7527096140
41.7532515369
41.7537934597
41.7543353825
42.0000000000
42.0004204656
42.0008409313
42.0012613969
42.0021676912
42.0027096140
42.0032515369
42.0037934597
42.0043353825
42.2500000000
42.2504446022
42.2509810865
42.2516257684
42.2521676912
42.2527096140
42.2532515369
42.2537934597
42.5000000000
42.5004446022
42.5009810865
42.5016257684
42.5021676912
42.5027096140
42.5032515369
42.5037934597
42.7500000000
42.7504446022
42.7509810865
42.7516257684
42.7521676912
42.7527096140
42.7532515369
42.7537934597
43.0000000000
43.0004446022
43.0009810865
43.0016257684
43.0021676912
43.0027096140
43.0032515369
43.0037934597
43.2500000000
43.2504446022
43.2509810865
43.2516257684
43.2521676912
43.2527096140
43.2532515369
43.5000000000
43.5004446022
43.5009810865
43.5016257684
43.5021676912
43.5027096140
43.5032515369
43.7500000000
43.7504536479
43.7509810865
43.7516257684
43.7521676912
43.7527096140
43.7532515369
44.0000000000
44.0005419228
44.0010838456
44.0016257684
44.0021676912
44.0027096140
44.0032515369
44.2500000000
44.2505419228
44.2510838456
44.2516257684
44.2521676912
44.2527096140
44.5000000000
44.5005419228
44.5010838456
44.5016257684
44.5021676912
44.5027096140
44.7500000000
44.7505419228
44.7510838456
44.7516257684
44.7521676912
44.7527096140
45.0000000000
45.0005419228
45.0010838456
45.0016257684
45.0021676912
45.0027096140
45.2500000000
45.2505419228
45.2510838456
45.2516257684
45.2521676912
45.5000000000
45.5005419228
45.5010838456
45.5016257684
45.5021676912
45.7500000000
45.7505419228
45.7510838456
45.7516257684
45.7521676912
46.0000000000
46.0005419228
46.0010838456
46.0016257684
46.0021676912
46.2500000000
46.2505419228
46.2510838456
46.2516257684
46.5000000000
46.5005419228
46.5010838456
46.5016257684
46.7500000000
46.7505419228
46.7510838456
46.7516257684
47.0000000000
47.0005419228
47.0010838456
47.0016257684
47.2500000000
47.2505419228
47.2510838456
47.5000000000
47.5005419228
47.5010838456
47.7500000000
47.7505419228
47.7510838456
48.0000000000
48.0005419228
48.0010838456
48.2500000000
48.2505419228
48.5000000000
48.5005419228
48.7500000000
48.7505419228
49.0000000000
49.0005419228
49.2500000000
49.5000000000
49.7500000000
50.0000000000
