alpha:2,beta:10,x:[0.0, 0.25, 0.5, 0.75, 1.0],ymin:0,ymax:10,pop:10
0.0000000000
0.0000000129
0.0000000268
0.0000000376
0.0000019073
0.0000037143
0.0000053518
0.0000068597
0.0000076294
0.0000082648
0.0000095858
0.0000108360
0.0000113401
0.0000120256
0.0000131622
0.0000148573
0.0000171661
0.0000182057
0.0000214073
0.0000227832
0.0000244801
0.0000274387
0.0000281987
0.0000305176
0.0000334289
0.0000380416
0.0000384905
0.0000453603
0.0000476837
0.0001100171
0.0001100338
0.0001100468
0.0002141898
0.0002142178
0.0002142542
0.0002143055
0.0002143716
0.0002144525
0.0002145479
0.0003086142
0.0003086349
0.0003086972
0.0003088010
0.0003089460
0.0003091320
0.0003093586
0.0003955637
0.0003956043
0.0003957258
0.0003959280
0.0003962102
0.0003965718
0.0004399661
0.0004399829
0.0004765910
0.0004766568
0.0004768540
0.0004771819
0.0004776394
0.0005527661
0.0005528619
0.0005531490
0.0005536263
0.0006248611
0.0006249911
0.0006253806
0.0006539315
0.0006539567
0.0006539792
0.0006540087
0.0006934559
0.0006936237
0.0007589999
0.0008567469
0.0008567757
0.0008568126
0.0008568644
0.0009898935
0.0010498337
0.0010498866
0.0010499530
0.0012344552
0.0012345384
0.0013137976
0.0014116478
0.0014116777
0.0015822547
0.0016260787
0.0017597992
0.0019276781
0.0019531250
0.0019540777
0.0019550324
0.0019569233
0.0019578842
0.0019607544
0.0019616257
0.0019625968
0.0019654976
0.0019681268
0.0019691121
0.0019702911
0.0019720551
0.0019763498
0.0019769185
0.0019773530
0.0019803495
0.0019836426
0.0019853015
0.0019862028
0.0019872274
0.0019902882
0.0019975827
0.0019986322
0.0020103796
0.0021936710
0.0022195557
0.0026157044
0.0027496833
0.0038034645
0.0038036441
0.0038041827
0.0038050795
0.0038063326
0.0038074427
0.0038076231
0.0038079401
0.0038081643
0.0038090653
0.0038098993
0.0038103244
0.0038119395
0.0038122066
0.0038139079
0.0038192953
0.0038194784
0.0038200272
0.0038209408
0.0038222176
0.0038238555
0.0038387846
0.0038389718
0.0038395332
0.0038404678
0.0038417739
0.0038655374
0.0038657305
0.0038663093
0.0038672729
0.0038990763
0.0038992767
0.0038998776
0.0039388532
0.0039390624
0.0039842829
0.0054802795
0.0054805153
0.0054808101
0.0054812226
0.0054817526
0.0054823998
0.0054886534
0.0054888910
0.0054891878
0.0054896032
0.0054901370
0.0055135610
0.0055138036
0.0055141067
0.0055145309
0.0055543846
0.0055546355
0.0055549491
0.0056101712
0.0056104337
0.0056797270
0.0056797963
0.0057617176
0.0070243118
0.0070244111
0.0070245352
0.0070247090
0.0070249325
0.0070380079
0.0070381081
0.0070382335
0.0070384089
0.0070786956
0.0070787986
0.0070789275
0.0071452273
0.0071453349
0.0072358525
0.0073484136
0.0078125000
0.0078134534
0.0078144074
0.0078163106
0.0078172661
0.0078201294
0.0078210623
0.0078220203
0.0078248914
0.0078276931
0.0078286547
0.0078296662
0.0078315366
0.0078361821
0.0078371484
0.0078465028
0.0084631726
0.0084632811
0.0084828533
0.0084829630
0.0085412640
0.0086366029
0.0087661482
0.0098158695
0.0098420273
0.0099196012
0.0100460337
0.0110961139
0.0111291251
0.0112269596
0.0116122407
0.0116126119
0.0116137250
0.0116144985
0.0116148699
0.0116155789
0.0116159840
0.0116178396
0.0116181718
0.0116204348
0.0116212619
0.0116215010
0.0116216344
0.0116227514
0.0116246117
0.0116325018
0.0116328758
0.0116339977
0.0116481703
0.0116485465
0.0116682010
0.0123142009
0.0123543589
0.0134781128
0.0152138580
0.0152140376
0.0152145764
0.0152154744
0.0152167309
0.0152178411
0.0152180210
0.0152185606
0.0152194598
0.0152297706
0.0152299511
0.0152304925
0.0152495842
0.0152497658
0.0152771813
0.0175781251
0.0175790786
0.0175800324
0.0175819379
0.0175828925
0.0175857545
0.0175866989
0.0175876545
0.0175933546
0.0186426560
0.0186430509
0.0186435445
0.0186487032
0.0186490986
0.0186668090
0.0186968676
0.0219211179
0.0219213538
0.0219295053
0.0219546134
0.0233300040
0.0233304966
0.0233317758
0.0233322687
0.0233337466
0.0233344363
0.0233370875
0.0233375807
0.0233459300
0.0250676550
0.0250786127
0.0280972466
0.0288754519
0.0288765965
0.0288782430
0.0288866115
0.0312500001
0.0312509536
0.0312519075
0.0312538137
0.0342311804
0.0342351646
0.0389546025
0.0389551761
0.0389561497
0.0394142639
0.0464489626
0.0488281252
