alpha:10,beta:2,x:[0.0, 0.25, 0.5, 0.75, 1.0],ymin:0,ymax:10,pop:10
-808147006.0726628304
-454575961.8416066170
-202027779.4855504930
0.0034562603
0.0282017742
0.1276318859
0.1464751914
0.3151295375
0.3339684832
0.3339729553
0.3756908193
0.3806451262
0.5214751914
0.5681473623
0.6262093436
0.6276287547
0.6881900365
0.6951692568
0.8151279719
0.8418267531
0.8756876881
0.9376442967
1.0141950925
1.1543156513
1.3418045494
1.4516839907
1.5918045494
1.7641728888
1.7792934476
1.9046991088
1.9516617869
2.0917823457
64.0018302961
64.0034334808
64.0191854593
64.0623915779
64.0639931969
64.0658621024
64.2498892295
64.2514924141
64.2533553941
64.3114173754
64.3134474572
64.3778717016
64.4989196115
64.5179922603
64.5558648575
64.5623884467
64.5639916313
64.6243450553
64.6259466744
64.6903605997
64.8118427069
64.8134458916
64.8308868197
64.8683791367
65.1278494979
65.2683757179
65.5808646160
65.8061314396
128.0001482158
128.2500223763
128.5000210129
128.5625215935
128.8124986612
256.0010287038
256.0168957068
256.0615884199
256.1208550588
256.1235450286
256.1790145012
256.2510745860
256.3083601797
256.3489410611
256.5066239581
256.5615868543
256.6235418974
256.6320296194
256.6612909073
256.6789922975
257.0695185175
257.1164811956
257.5694963138
257.5981440767
319.7521942222
319.9906113953
319.9989196319
320.0025486656
320.0159176939
320.0558369953
320.0628961226
320.1900911445
320.2433800518
320.2502637613
320.5020615340
320.5558951267
320.5621675948
320.9395234705
320.9985586721
380.0384123801
380.3303039157
383.7507485907
512.0012093845
512.0626931206
512.1250210129
575.0096036165
575.9377026383
576.0002271114
576.0607868276
576.1184918416
576.1676461990
576.2482860448
576.3059617993
576.3151517500
576.3283666019
576.3551350971
576.4952556559
577.0783332963
577.1051128934
577.2519033572
577.2658166435
639.3140250450
639.9552029478
639.9843398138
639.9985450311
640.0363368553
640.0622909391
640.1425464437
640.2238148693
640.2490587551
640.8926358905
694.7430259506
703.4391611507
830.5655680621
831.5000052624
831.8948029397
831.9777558207
832.8321112627
858.0964338496
858.9721047403
879.1749551426
893.7565725765
895.0029648543
1024.1562778968
1024.3113141486
1024.3437667949
1024.4838873537
1024.6237974958
1024.6562556931
1024.7675142190
1024.8112808430
1087.2500052624
1087.9818127873
1088.0822390474
1088.3946751551
1278.3764721767
1279.8208963042
1279.9647603339
1280.3207403118
1292.8263617829
1340.9464572308
1596.6998247756
1597.2534174496
1599.7342988380
1599.9217029996
1599.9477078806
1660.0117017934
1770.5924884626
1850.9523529053
1988.5730562721
1989.1899745700
2133.2812502372
2242.1240711888
2242.7356370985
2380.5537357913
2388.7357829424
2623.0581180124
2759.6445083090
3009.6443546591
3494.3832821402
3494.6624744017
3494.7290924907
3495.5666333873
3564.9908306815
3565.2967907240
3565.3361166441
3668.6934165101
3668.8820257190
3669.0051686404
3669.1904250312
3669.6274817115
3669.9392258859
3687.0252340996
3687.2128543966
3687.5254746936
3687.9647611954
3689.7978157364
3733.1461530775
3736.1933289363
3736.3877236024
3736.6657711524
3737.0964389570
3763.4630463110
3763.6312917372
3763.9758999677
3922.8183641081
3925.8953681608
4049.0803767408
4049.2468452467
4049.9828314065
4089.9849184005
4090.1787310726
4242.0157823722
4246.6313246910
4490.0152971016
4490.3206806858
4689.2002734756
7381.1250028597
7381.3749988686
7381.6250023825
7381.9374963780
7634.9431213643
7635.1787033184
7635.4804507301
7893.1250024030
7952.2157779398
7952.4172160959
8199.4882630529
13975.6581240650
13975.9039592268
13976.7749240303
14026.3636614380
14026.5646103043
14026.8099437495
14027.2341126187
14053.6072038738
14053.8343045510
14054.0808036237
14259.0650773187
14510.5934811335
14511.4900790577
14673.6499038068
14673.8394919299
14674.1438992070
14674.5802689006
14675.0772704577
14735.9889131833
14739.0659037089
14747.9116518838
14748.0998759075
14748.4117298647
14748.8510387510
14759.1647321555
14932.5843149475
14944.5445023245
14945.0169420079
15244.8586525280
15691.2735813810
16623.7988867728
16639.5312502372
16771.6948941928
17004.1240711888
17018.6220252139
17021.3493728251
17222.6527780021
17222.9652836690
18266.0216548575
29524.5000233339
29587.9545394947
29652.5000024030
31444.6620118350
31445.4995620572
31489.5302463569
31490.3672354996
31530.3955066950
31660.8599160162
31661.7367977576
31984.8819480688
32387.2450373799
32768.2812541399
32768.9063149429
32911.9297701574
33015.5558613761
33016.4822860144
33077.1374764129
33081.7529029947
33167.8047834339
33182.7215720748
33183.6579708251
33208.1207918937
33266.8095912209
33551.6174764095
33916.9714467428
34030.1143879604
36158.4616188370
43307.5413158423
55901.7409308044
55940.7949654366
56105.1866443370
56397.6206626255
58069.7913426223
58694.4028036852
58755.0528653763
58943.9557202456
58991.4548620412
59036.6591855888
59181.5163584468
59182.3935337706
59260.8461573239
64418.8781385417
67086.7795381178
83111.3109948432
131072.0000051429
131327.8751126722
131647.7188966501
236725.8051880591
257675.5125106192
294912.0312541398
294927.9921962982
295311.8048568674
305175.7812885554
524288.0000419642
524351.9688441416
532633.0024379471
579769.9034063261
946903.0830668857
1030702.0508701161
1220703.1250478737
2746582.0312885554
4882812.5003906321
