alpha:1,beta:2,x:[0.0, 0.25, 0.5, 0.75, 1.0],ymin:0,ymax:10,pop:10
0.0000000000
0.0562500000
0.1000000000
0.1250000000
0.1312500000
0.1500000002
0.1562500000
0.1812500000
0.2250000000
0.2500000000
0.2562500000
0.2750000002
0.2812500000
0.3062500000
0.3500000000
0.3750000000
0.3812500000
0.4000000002
0.4062500000
0.4312500000
0.4750000000
0.5000000000
0.5062500000
0.5250000002
0.5312500000
0.5562500000
0.6000000000
0.6250000000
0.6312500000
0.6500000002
0.6562500000
0.6812500000
0.7250000000
0.7500000000
0.7562500000
0.7750000002
0.7812500000
0.8062500000
0.8500000000
0.8750000000
0.8812500000
0.9000000002
0.9062500000
0.9312500000
0.9750000000
1.0000000000
1.0062500000
1.0250000002
1.0312500000
1.0562500000
1.1000000000
1.1250000000
1.1312500000
1.1500000002
1.1562500000
1.1812500000
1.2250000000
1.2500000000
1.2562500000
1.2750000002
1.2812500000
1.3062500000
1.3500000000
1.3750000002
1.3812500000
1.4000000002
1.4062500000
1.4312500001
1.4750000000
1.5000000000
1.5062500000
1.5250000002
1.5312500000
1.5562500000
1.6000000000
1.6250000000
1.6312500000
1.6500000002
1.6562500000
1.6812500006
1.7250000000
1.7500000002
1.7562500000
1.7750000002
1.7812500000
1.8062500001
1.8500000000
1.8750000002
1.8812500001
1.9000000002
1.9062500000
1.9312500006
2.0000000002
2.0062500000
2.0250000002
2.0562500006
2.1000000000
2.1250000002
2.1562500000
2.2250000000
2.2562500001
2.3062500006
2.4000000002
2.5000000002
